lc_am_great_plains-american_holly_SHRUB.spt
Leaves
0.49625, 0.74625, 0.25375, 0.74625, 0.25375, 0.50375, 0.49625, 0.50375
Fronds
0.873125, 0.74625, 0.751875, 0.74625, 0.751875, 0.50375, 0.873125, 0.50375
Billboards
lc_am_great_plains-ArizonaBush_SHRUB.spt
Leaves
0.24625, 0.985, 0.00375, 0.985, 0.00375, 0.015, 0.24625, 0.015
0.24625, 0.985, 0.00375, 0.985, 0.00375, 0.015, 0.24625, 0.015
0.24625, 0.985, 0.00375, 0.985, 0.00375, 0.015, 0.24625, 0.015
Fronds
0.49625, 0.74625, 0.25375, 0.74625, 0.25375, 0.50375, 0.49625, 0.50375
Billboards
lc_am_great_plains-broom_snakeweed_SHRUB.spt
Leaves
0.49625, 0.74625, 0.25375, 0.74625, 0.25375, 0.50375, 0.49625, 0.50375
Fronds
0.74625, 0.74625, 0.50375, 0.74625, 0.50375, 0.50375, 0.74625, 0.50375
Billboards
lc_am_great_plains-hazel_arid_SHRUB.spt
Leaves
0.99625, 0.24625, 0.75375, 0.24625, 0.75375, 0.00375, 0.99625, 0.00375
0.99625, 0.24625, 0.75375, 0.24625, 0.75375, 0.00375, 0.99625, 0.00375
0.99625, 0.24625, 0.75375, 0.24625, 0.75375, 0.00375, 0.99625, 0.00375
0.99625, 0.24625, 0.75375, 0.24625, 0.75375, 0.00375, 0.99625, 0.00375
Fronds
0.49625, 0.4925, 0.25375, 0.4925, 0.25375, 0.0075, 0.49625, 0.0075
Billboards
lc_am_great_plains-thicket_SHRUB.spt
Leaves
0.49625, 0.99625, 0.25375, 0.99625, 0.25375, 0.75375, 0.49625, 0.75375
0.99625, 0.49625, 0.75375, 0.49625, 0.75375, 0.25375, 0.99625, 0.25375
Fronds
0.74625, 0.4925, 0.50375, 0.4925, 0.50375, 0.0075, 0.74625, 0.0075
Billboards
lc_am_great_plains-yucca_SHRUB.spt
Leaves
0.49625, 0.74625, 0.25375, 0.74625, 0.25375, 0.50375, 0.49625, 0.50375
Fronds
0.936562, 0.9925, 0.875938, 0.9925, 0.875938, 0.5075, 0.936562, 0.5075
Billboards
