lc_am_s_arid-broom_snakeweed_SHRUB.spt
Leaves
0.623125, 0.623125, 0.501875, 0.623125, 0.501875, 0.501875, 0.623125, 0.501875
Fronds
0.623125, 0.623125, 0.501875, 0.623125, 0.501875, 0.501875, 0.623125, 0.501875
0.123125, 0.873125, 0.001875, 0.873125, 0.001875, 0.751875, 0.123125, 0.751875
Billboards
lc_am_s_arid-dead_tree_1_TREE.spt
Leaves
0.623125, 0.623125, 0.501875, 0.623125, 0.501875, 0.501875, 0.623125, 0.501875
Fronds
0.873125, 0.123125, 0.751875, 0.123125, 0.751875, 0.001875, 0.873125, 0.001875
Billboards
0.284956, 0.52499, 0.145708, 0.52499, 0.145708, 0.435947, 0.284956, 0.435947
0.572065, 0.182217, 0.432817, 0.182217, 0.432817, 0.0931738, 0.572065, 0.0931738
0.141401, 0.52499, 0.00215332, 0.52499, 0.00215332, 0.435947, 0.141401, 0.435947
0.572065, 0.0904199, 0.432817, 0.0904199, 0.432817, 0.00137695, 0.572065, 0.00137695
0.428511, 0.410732, 0.289263, 0.410732, 0.289263, 0.321689, 0.428511, 0.321689
0.284956, 0.433193, 0.145708, 0.433193, 0.145708, 0.34415, 0.284956, 0.34415
0.428511, 0.318936, 0.289263, 0.318936, 0.289263, 0.229893, 0.428511, 0.229893
0.141401, 0.433193, 0.00215332, 0.433193, 0.00215332, 0.34415, 0.141401, 0.34415
lc_am_s_arid-dead_tree_2_TREE.spt
Leaves
0.623125, 0.623125, 0.501875, 0.623125, 0.501875, 0.501875, 0.623125, 0.501875
Fronds
0.873125, 0.123125, 0.751875, 0.123125, 0.751875, 0.001875, 0.873125, 0.001875
Billboards
0.141401, 0.112544, 0.00215332, 0.112544, 0.00215332, 0.00171387, 0.141401, 0.00171387
0.141401, 0.226802, 0.00215332, 0.226802, 0.00215332, 0.115972, 0.141401, 0.115972
0.284956, 0.112544, 0.145708, 0.112544, 0.145708, 0.00171387, 0.284956, 0.00171387
0.284956, 0.226802, 0.145708, 0.226802, 0.145708, 0.115972, 0.284956, 0.115972
0.141401, 0.34106, 0.00215332, 0.34106, 0.00215332, 0.230229, 0.141401, 0.230229
0.284956, 0.34106, 0.145708, 0.34106, 0.145708, 0.230229, 0.284956, 0.230229
0.428511, 0.112544, 0.289263, 0.112544, 0.289263, 0.00171387, 0.428511, 0.00171387
0.428511, 0.226802, 0.289263, 0.226802, 0.289263, 0.115972, 0.428511, 0.115972
lc_am_s_arid-honey_mesquite_TREE.spt
Leaves
0.49625, 0.24625, 0.25375, 0.24625, 0.25375, 0.00375, 0.49625, 0.00375
Fronds
0.24625, 0.4925, 0.00375, 0.4925, 0.00375, 0.0075, 0.24625, 0.0075
Billboards
0.428511, 0.586572, 0.289263, 0.586572, 0.289263, 0.501318, 0.428511, 0.501318
0.71562, 0.0865723, 0.576372, 0.0865723, 0.576372, 0.00131836, 0.71562, 0.00131836
0.572065, 0.445947, 0.432817, 0.445947, 0.432817, 0.360693, 0.572065, 0.360693
0.284956, 0.612939, 0.145708, 0.612939, 0.145708, 0.527686, 0.284956, 0.527686
0.141401, 0.612939, 0.00215332, 0.612939, 0.00215332, 0.527686, 0.141401, 0.527686
0.572065, 0.358057, 0.432817, 0.358057, 0.432817, 0.272803, 0.572065, 0.272803
0.428511, 0.498682, 0.289263, 0.498682, 0.289263, 0.413428, 0.428511, 0.413428
0.572065, 0.270166, 0.432817, 0.270166, 0.432817, 0.184912, 0.572065, 0.184912
lc_am_s_arid-lowbrush_SHRUB.spt
Leaves
0.248125, 0.873125, 0.126875, 0.873125, 0.126875, 0.751875, 0.248125, 0.751875
0.873125, 0.248125, 0.751875, 0.248125, 0.751875, 0.126875, 0.873125, 0.126875
Fronds
0.436563, 0.873125, 0.375937, 0.873125, 0.375937, 0.751875, 0.436563, 0.751875
Billboards
lc_am_s_arid-manzanita_TREE.spt
Leaves
0.74625, 0.24625, 0.50375, 0.24625, 0.50375, 0.00375, 0.74625, 0.00375
Fronds
0.873125, 0.373125, 0.751875, 0.373125, 0.751875, 0.251875, 0.873125, 0.251875
Billboards
0.571104, 0.846479, 0.432803, 0.846479, 0.432803, 0.707231, 0.571104, 0.707231
0.714658, 0.758589, 0.576357, 0.758589, 0.576357, 0.619341, 0.714658, 0.619341
0.858213, 0.643354, 0.719912, 0.643354, 0.719912, 0.504106, 0.858213, 0.504106
0.427549, 0.987104, 0.289248, 0.987104, 0.289248, 0.847856, 0.427549, 0.847856
0.571104, 0.990034, 0.432803, 0.990034, 0.432803, 0.850786, 0.571104, 0.850786
0.714658, 0.902144, 0.576357, 0.902144, 0.576357, 0.762896, 0.714658, 0.762896
0.858213, 0.786909, 0.719912, 0.786909, 0.719912, 0.647661, 0.858213, 0.647661
0.858213, 0.930464, 0.719912, 0.930464, 0.719912, 0.791216, 0.858213, 0.791216
lc_am_s_arid-sorrel_TREE.spt
Leaves
0.49625, 0.74625, 0.25375, 0.74625, 0.25375, 0.50375, 0.49625, 0.50375
0.74625, 0.49625, 0.50375, 0.49625, 0.50375, 0.25375, 0.74625, 0.25375
Fronds
0.748125, 0.74625, 0.626875, 0.74625, 0.626875, 0.50375, 0.748125, 0.50375
Billboards
0.859175, 0.500122, 0.719927, 0.500122, 0.719927, 0.381714, 0.859175, 0.381714
0.428511, 0.843872, 0.289263, 0.843872, 0.289263, 0.725464, 0.428511, 0.725464
0.284956, 0.870239, 0.145708, 0.870239, 0.145708, 0.751831, 0.284956, 0.751831
0.859175, 0.378052, 0.719927, 0.378052, 0.719927, 0.259644, 0.859175, 0.259644
0.71562, 0.615356, 0.576372, 0.615356, 0.576372, 0.496948, 0.71562, 0.496948
0.141401, 0.870239, 0.00215332, 0.870239, 0.00215332, 0.751831, 0.141401, 0.751831
0.859175, 0.255981, 0.719927, 0.255981, 0.719927, 0.137573, 0.859175, 0.137573
0.572065, 0.703247, 0.432817, 0.703247, 0.432817, 0.584839, 0.572065, 0.584839
lc_am_s_arid-sweet_gum_TREE.spt
Leaves
0.24625, 0.74625, 0.00375, 0.74625, 0.00375, 0.50375, 0.24625, 0.50375
0.49625, 0.49625, 0.25375, 0.49625, 0.25375, 0.25375, 0.49625, 0.25375
Fronds
0.623125, 0.623125, 0.501875, 0.623125, 0.501875, 0.501875, 0.623125, 0.501875
Billboards
0.859175, 0.133706, 0.719927, 0.133706, 0.719927, 0.00203613, 0.859175, 0.00203613
0.71562, 0.493081, 0.576372, 0.493081, 0.576372, 0.361411, 0.71562, 0.361411
0.428511, 0.721597, 0.289263, 0.721597, 0.289263, 0.589927, 0.428511, 0.589927
0.284956, 0.747964, 0.145708, 0.747964, 0.145708, 0.616294, 0.284956, 0.616294
0.572065, 0.580972, 0.432817, 0.580972, 0.432817, 0.449302, 0.572065, 0.449302
0.71562, 0.357339, 0.576372, 0.357339, 0.576372, 0.225669, 0.71562, 0.225669
0.141401, 0.747964, 0.00215332, 0.747964, 0.00215332, 0.616294, 0.141401, 0.616294
0.71562, 0.221597, 0.576372, 0.221597, 0.576372, 0.0899268, 0.71562, 0.0899268
lc_am_s_arid-thicket_SHRUB.spt
Leaves
0.373125, 0.873125, 0.251875, 0.873125, 0.251875, 0.751875, 0.373125, 0.751875
0.623125, 0.748125, 0.501875, 0.748125, 0.501875, 0.626875, 0.623125, 0.626875
Fronds
0.873125, 0.62125, 0.751875, 0.62125, 0.751875, 0.37875, 0.873125, 0.37875
Billboards
