lc_am_desert-yucca_SHRUB.spt
Leaves
0.218281, 0.87125, 0.187969, 0.87125, 0.187969, 0.62875, 0.218281, 0.62875
Fronds
0.218281, 0.87125, 0.187969, 0.87125, 0.187969, 0.62875, 0.218281, 0.62875
Billboards
lc_am_desert-american_holly_SHRUB.spt
Leaves
0.248125, 0.623125, 0.126875, 0.623125, 0.126875, 0.501875, 0.248125, 0.501875
0.623125, 0.248125, 0.501875, 0.248125, 0.501875, 0.126875, 0.623125, 0.126875
Fronds
0.186563, 0.748125, 0.125938, 0.748125, 0.125938, 0.626875, 0.186563, 0.626875
Billboards
lc_am_desert-ArizonaBush_SHRUB.spt
Leaves
0.748125, 0.7425, 0.626875, 0.7425, 0.626875, 0.2575, 0.748125, 0.2575
0.748125, 0.7425, 0.626875, 0.7425, 0.626875, 0.2575, 0.748125, 0.2575
0.748125, 0.7425, 0.626875, 0.7425, 0.626875, 0.2575, 0.748125, 0.2575
Fronds
0.218281, 0.87125, 0.187969, 0.87125, 0.187969, 0.62875, 0.218281, 0.62875
Billboards
lc_am_desert-broom_snakeweed_SHRUB.spt
Leaves
0.218281, 0.87125, 0.187969, 0.87125, 0.187969, 0.62875, 0.218281, 0.62875
Fronds
0.623125, 0.373125, 0.501875, 0.373125, 0.501875, 0.251875, 0.623125, 0.251875
0.373125, 0.623125, 0.251875, 0.623125, 0.251875, 0.501875, 0.373125, 0.501875
Billboards
lc_am_desert-hazel_arid_SHRUB.spt
Leaves
0.498125, 0.623125, 0.376875, 0.623125, 0.376875, 0.501875, 0.498125, 0.501875
0.498125, 0.623125, 0.376875, 0.623125, 0.376875, 0.501875, 0.498125, 0.501875
0.498125, 0.623125, 0.376875, 0.623125, 0.376875, 0.501875, 0.498125, 0.501875
0.498125, 0.623125, 0.376875, 0.623125, 0.376875, 0.501875, 0.498125, 0.501875
Fronds
0.748125, 0.24625, 0.626875, 0.24625, 0.626875, 0.00375, 0.748125, 0.00375
Billboards
lc_am_desert-nettle_tree_TREE.spt
Leaves
0.49625, 0.49625, 0.25375, 0.49625, 0.25375, 0.25375, 0.49625, 0.25375
0.49625, 0.24625, 0.25375, 0.24625, 0.25375, 0.00375, 0.49625, 0.00375
Fronds
0.123125, 0.87125, 0.001875, 0.87125, 0.001875, 0.62875, 0.123125, 0.62875
Billboards
0.244326, 0.235669, 0.0037207, 0.235669, 0.0037207, 0.00358887, 0.244326, 0.00358887
0.244326, 0.474927, 0.0037207, 0.474927, 0.0037207, 0.242847, 0.244326, 0.242847
0.492373, 0.235669, 0.251768, 0.235669, 0.251768, 0.00358887, 0.492373, 0.00358887
0.492373, 0.474927, 0.251768, 0.474927, 0.251768, 0.242847, 0.492373, 0.242847
0.244326, 0.714185, 0.0037207, 0.714185, 0.0037207, 0.482104, 0.244326, 0.482104
0.74042, 0.235669, 0.499814, 0.235669, 0.499814, 0.00358887, 0.74042, 0.00358887
0.492373, 0.714185, 0.251768, 0.714185, 0.251768, 0.482104, 0.492373, 0.482104
0.74042, 0.474927, 0.499814, 0.474927, 0.499814, 0.242847, 0.74042, 0.242847
lc_am_desert-scarlet_oak_TREE.spt
Leaves
0.24625, 0.49625, 0.00375, 0.49625, 0.00375, 0.25375, 0.24625, 0.25375
0.24625, 0.24625, 0.00375, 0.24625, 0.00375, 0.00375, 0.24625, 0.00375
Fronds
0.123125, 0.87125, 0.001875, 0.87125, 0.001875, 0.62875, 0.123125, 0.62875
Billboards
0.74042, 0.663203, 0.499814, 0.663203, 0.499814, 0.481328, 0.74042, 0.481328
0.244326, 0.902461, 0.0037207, 0.902461, 0.0037207, 0.720586, 0.244326, 0.720586
0.988467, 0.184687, 0.747861, 0.184687, 0.747861, 0.0028125, 0.988467, 0.0028125
0.492373, 0.902461, 0.251768, 0.902461, 0.251768, 0.720586, 0.492373, 0.720586
0.988467, 0.372187, 0.747861, 0.372187, 0.747861, 0.190313, 0.988467, 0.190313
0.74042, 0.850703, 0.499814, 0.850703, 0.499814, 0.668828, 0.74042, 0.668828
0.988467, 0.559687, 0.747861, 0.559687, 0.747861, 0.377813, 0.988467, 0.377813
0.988467, 0.747187, 0.747861, 0.747187, 0.747861, 0.565313, 0.988467, 0.565313
lc_am_desert-thicket_SHRUB.spt
Leaves
0.623125, 0.123125, 0.501875, 0.123125, 0.501875, 0.001875, 0.623125, 0.001875
0.123125, 0.623125, 0.001875, 0.623125, 0.001875, 0.501875, 0.123125, 0.501875
Fronds
0.623125, 0.62125, 0.501875, 0.62125, 0.501875, 0.37875, 0.623125, 0.37875
Billboards
