lc_as_trop_s_arid-agarwood2_TREE.spt
Leaves
0.24625, 0.24625, 0.00375, 0.24625, 0.00375, 0.00375, 0.24625, 0.00375
Fronds
0.873125, 0.24625, 0.751875, 0.24625, 0.751875, 0.00375, 0.873125, 0.00375
Billboards
0.695024, 0.545112, 0.550093, 0.545112, 0.550093, 0.367974, 0.695024, 0.367974
0.847368, 0.179878, 0.702437, 0.179878, 0.702437, 0.00273926, 0.847368, 0.00273926
0.847368, 0.362495, 0.702437, 0.362495, 0.702437, 0.185356, 0.847368, 0.185356
0.512407, 0.810737, 0.367476, 0.810737, 0.367476, 0.633599, 0.512407, 0.633599
0.147173, 0.94355, 0.00224121, 0.94355, 0.00224121, 0.766411, 0.147173, 0.766411
0.695024, 0.727729, 0.550093, 0.727729, 0.550093, 0.550591, 0.695024, 0.550591
0.296587, 0.94355, 0.151655, 0.94355, 0.151655, 0.766411, 0.296587, 0.766411
0.844438, 0.545112, 0.699507, 0.545112, 0.699507, 0.367974, 0.844438, 0.367974
lc_as_trop_s_arid-agarwood_TREE.spt
Leaves
0.24625, 0.24625, 0.00375, 0.24625, 0.00375, 0.00375, 0.24625, 0.00375
Fronds
0.873125, 0.24625, 0.751875, 0.24625, 0.751875, 0.00375, 0.873125, 0.00375
Billboards
0.8425, 0.910347, 0.698516, 0.910347, 0.698516, 0.733208, 0.8425, 0.733208
0.991914, 0.727729, 0.84793, 0.727729, 0.84793, 0.550591, 0.991914, 0.550591
0.992891, 0.545112, 0.848906, 0.545112, 0.848906, 0.367974, 0.992891, 0.367974
0.694063, 0.910347, 0.550078, 0.910347, 0.550078, 0.733208, 0.694063, 0.733208
0.511445, 0.993354, 0.367461, 0.993354, 0.367461, 0.816216, 0.511445, 0.816216
0.843477, 0.727729, 0.699492, 0.727729, 0.699492, 0.550591, 0.843477, 0.550591
0.99582, 0.362495, 0.851836, 0.362495, 0.851836, 0.185356, 0.99582, 0.185356
0.99582, 0.179878, 0.851836, 0.179878, 0.851836, 0.00273926, 0.99582, 0.00273926
lc_as_trop_s_arid-carolina_buckthorn_SHRUB.spt
Leaves
0.24625, 0.49625, 0.00375, 0.49625, 0.00375, 0.25375, 0.24625, 0.25375
0.49625, 0.24625, 0.25375, 0.24625, 0.25375, 0.00375, 0.49625, 0.00375
Fronds
0.123125, 0.99625, 0.001875, 0.99625, 0.001875, 0.75375, 0.123125, 0.75375
Billboards
lc_as_trop_s_arid-large_bush_TREE.spt
Leaves
0.24625, 0.49625, 0.00375, 0.49625, 0.00375, 0.25375, 0.24625, 0.25375
0.49625, 0.24625, 0.25375, 0.24625, 0.25375, 0.00375, 0.49625, 0.00375
Fronds
0.123125, 0.99625, 0.001875, 0.99625, 0.001875, 0.75375, 0.123125, 0.75375
Billboards
0.922642, 0.833208, 0.845913, 0.833208, 0.845913, 0.783003, 0.922642, 0.783003
0.922642, 0.78145, 0.845913, 0.78145, 0.845913, 0.731245, 0.922642, 0.731245
0.704868, 0.964067, 0.62814, 0.964067, 0.62814, 0.913862, 0.704868, 0.913862
0.625767, 0.964067, 0.549038, 0.964067, 0.549038, 0.913862, 0.625767, 0.913862
0.31522, 0.997271, 0.238491, 0.997271, 0.238491, 0.947065, 0.31522, 0.947065
0.236118, 0.997271, 0.15939, 0.997271, 0.15939, 0.947065, 0.236118, 0.947065
0.157017, 0.997271, 0.0802881, 0.997271, 0.0802881, 0.947065, 0.157017, 0.947065
0.077915, 0.997271, 0.00118652, 0.997271, 0.00118652, 0.947065, 0.077915, 0.947065
lc_as_trop_s_arid-lowbrush_SHRUB.spt
Leaves
0.49625, 0.49625, 0.25375, 0.49625, 0.25375, 0.25375, 0.49625, 0.25375
0.24625, 0.74625, 0.00375, 0.74625, 0.00375, 0.50375, 0.24625, 0.50375
Fronds
0.248125, 0.99625, 0.126875, 0.99625, 0.126875, 0.75375, 0.248125, 0.75375
Billboards
lc_as_trop_s_arid-portia_tree_TREE.spt
Leaves
0.74625, 0.24625, 0.50375, 0.24625, 0.50375, 0.00375, 0.74625, 0.00375
0.74625, 0.49625, 0.50375, 0.49625, 0.50375, 0.25375, 0.74625, 0.25375
Fronds
0.49625, 0.74625, 0.25375, 0.74625, 0.25375, 0.50375, 0.49625, 0.50375
Billboards
0.545112, 0.263633, 0.367974, 0.263633, 0.367974, 0.134805, 0.545112, 0.134805
0.545112, 0.13082, 0.367974, 0.13082, 0.367974, 0.00199219, 0.545112, 0.00199219
0.362495, 0.396445, 0.185356, 0.396445, 0.185356, 0.267617, 0.362495, 0.267617
0.179878, 0.396445, 0.00273926, 0.396445, 0.00273926, 0.267617, 0.179878, 0.267617
0.362495, 0.263633, 0.185356, 0.263633, 0.185356, 0.134805, 0.362495, 0.134805
0.362495, 0.13082, 0.185356, 0.13082, 0.185356, 0.00199219, 0.362495, 0.00199219
0.179878, 0.263633, 0.00273926, 0.263633, 0.00273926, 0.134805, 0.179878, 0.134805
0.179878, 0.13082, 0.00273926, 0.13082, 0.00273926, 0.00199219, 0.179878, 0.00199219
lc_as_trop_s_arid-thicket_SHRUB.spt
Leaves
0.498125, 0.873125, 0.376875, 0.873125, 0.376875, 0.751875, 0.498125, 0.751875
0.998125, 0.123125, 0.876875, 0.123125, 0.876875, 0.001875, 0.998125, 0.001875
Fronds
0.373125, 0.99625, 0.251875, 0.99625, 0.251875, 0.75375, 0.373125, 0.75375
Billboards
lc_as_trop_s_arid-thingham_TREE.spt
Leaves
0.74625, 0.74625, 0.50375, 0.74625, 0.50375, 0.50375, 0.74625, 0.50375
Fronds
0.873125, 0.49625, 0.751875, 0.49625, 0.751875, 0.25375, 0.873125, 0.25375
Billboards
0.150059, 0.578315, 0.00228516, 0.578315, 0.00228516, 0.401177, 0.150059, 0.401177
0.302402, 0.578315, 0.154629, 0.578315, 0.154629, 0.401177, 0.302402, 0.401177
0.515293, 0.445503, 0.36752, 0.445503, 0.36752, 0.268364, 0.515293, 0.268364
0.69791, 0.179878, 0.550137, 0.179878, 0.550137, 0.00273926, 0.69791, 0.00273926
0.69791, 0.362495, 0.550137, 0.362495, 0.550137, 0.185356, 0.69791, 0.185356
0.515293, 0.62812, 0.36752, 0.62812, 0.36752, 0.450981, 0.515293, 0.450981
0.150059, 0.760933, 0.00228516, 0.760933, 0.00228516, 0.583794, 0.150059, 0.583794
0.302402, 0.760933, 0.154629, 0.760933, 0.154629, 0.583794, 0.302402, 0.583794
