lc_as_trop_humid-agarwood2_TREE.spt
Leaves
0.24625, 0.24625, 0.00375, 0.24625, 0.00375, 0.00375, 0.24625, 0.00375
Fronds
0.623125, 0.24625, 0.501875, 0.24625, 0.501875, 0.00375, 0.623125, 0.00375
Billboards
0.15583, 0.126973, 0.00237305, 0.126973, 0.00237305, 0.00193359, 0.15583, 0.00193359
0.15583, 0.255879, 0.00237305, 0.255879, 0.00237305, 0.13084, 0.15583, 0.13084
0.314033, 0.126973, 0.160576, 0.126973, 0.160576, 0.00193359, 0.314033, 0.00193359
0.314033, 0.255879, 0.160576, 0.255879, 0.160576, 0.13084, 0.314033, 0.13084
0.15583, 0.384785, 0.00237305, 0.384785, 0.00237305, 0.259746, 0.15583, 0.259746
0.314033, 0.384785, 0.160576, 0.384785, 0.160576, 0.259746, 0.314033, 0.259746
0.472236, 0.126973, 0.318779, 0.126973, 0.318779, 0.00193359, 0.472236, 0.00193359
0.472236, 0.255879, 0.318779, 0.255879, 0.318779, 0.13084, 0.472236, 0.13084
lc_as_trop_humid-agarwood_TREE.spt
Leaves
0.24625, 0.24625, 0.00375, 0.24625, 0.00375, 0.00375, 0.24625, 0.00375
Fronds
0.623125, 0.24625, 0.501875, 0.24625, 0.501875, 0.00375, 0.623125, 0.00375
Billboards
0.745356, 0.788643, 0.634526, 0.788643, 0.634526, 0.635186, 0.745356, 0.635186
0.875239, 0.630439, 0.764409, 0.630439, 0.764409, 0.476982, 0.875239, 0.476982
0.587153, 0.923408, 0.476323, 0.923408, 0.476323, 0.769951, 0.587153, 0.769951
0.859614, 0.788643, 0.748784, 0.788643, 0.748784, 0.635186, 0.859614, 0.635186
0.989497, 0.630439, 0.878667, 0.630439, 0.878667, 0.476982, 0.989497, 0.476982
0.745356, 0.946846, 0.634526, 0.946846, 0.634526, 0.793389, 0.745356, 0.793389
0.973872, 0.788643, 0.863042, 0.788643, 0.863042, 0.635186, 0.973872, 0.635186
0.859614, 0.946846, 0.748784, 0.946846, 0.748784, 0.793389, 0.859614, 0.793389
lc_as_trop_humid-coconut_palm_TREE.spt
Leaves
0.24625, 0.24625, 0.00375, 0.24625, 0.00375, 0.00375, 0.24625, 0.00375
0.24625, 0.24625, 0.00375, 0.24625, 0.00375, 0.00375, 0.24625, 0.00375
Fronds
0.623125, 0.49625, 0.501875, 0.49625, 0.501875, 0.25375, 0.623125, 0.25375
Billboards
0.602544, 0.765205, 0.476558, 0.765205, 0.476558, 0.611748, 0.602544, 0.611748
0.902349, 0.15583, 0.776362, 0.15583, 0.776362, 0.00237305, 0.902349, 0.00237305
0.444341, 0.864814, 0.318354, 0.864814, 0.318354, 0.711357, 0.444341, 0.711357
0.902349, 0.314033, 0.776362, 0.314033, 0.776362, 0.160576, 0.902349, 0.160576
0.760747, 0.630439, 0.634761, 0.630439, 0.634761, 0.476982, 0.760747, 0.476982
0.902349, 0.472236, 0.776362, 0.472236, 0.776362, 0.318779, 0.902349, 0.318779
0.127935, 0.993721, 0.00194824, 0.993721, 0.00194824, 0.840264, 0.127935, 0.840264
0.257817, 0.993721, 0.131831, 0.993721, 0.131831, 0.840264, 0.257817, 0.840264
lc_as_trop_humid-curly_palm_TREE.spt
Leaves
0.24625, 0.49625, 0.00375, 0.49625, 0.00375, 0.25375, 0.24625, 0.25375
0.24625, 0.49625, 0.00375, 0.49625, 0.00375, 0.25375, 0.24625, 0.25375
Fronds
0.373125, 0.74625, 0.251875, 0.74625, 0.251875, 0.50375, 0.373125, 0.50375
Billboards
0.314033, 0.67749, 0.160576, 0.67749, 0.160576, 0.5354, 0.314033, 0.5354
0.15583, 0.67749, 0.00237305, 0.67749, 0.00237305, 0.5354, 0.15583, 0.5354
0.472236, 0.548584, 0.318779, 0.548584, 0.318779, 0.406494, 0.472236, 0.406494
0.630439, 0.290771, 0.476982, 0.290771, 0.476982, 0.148682, 0.630439, 0.148682
0.630439, 0.144287, 0.476982, 0.144287, 0.476982, 0.00219727, 0.630439, 0.00219727
0.314033, 0.531006, 0.160576, 0.531006, 0.160576, 0.388916, 0.314033, 0.388916
0.472236, 0.4021, 0.318779, 0.4021, 0.318779, 0.26001, 0.472236, 0.26001
0.15583, 0.531006, 0.00237305, 0.531006, 0.00237305, 0.388916, 0.15583, 0.388916
lc_as_trop_humid-general_fan_palm_TREE.spt
Leaves
0.24625, 0.49625, 0.00375, 0.49625, 0.00375, 0.25375, 0.24625, 0.25375
0.498125, 0.74625, 0.376875, 0.74625, 0.376875, 0.50375, 0.498125, 0.50375
Fronds
0.748125, 0.24625, 0.626875, 0.24625, 0.626875, 0.00375, 0.748125, 0.00375
Billboards
0.614087, 0.448799, 0.476733, 0.448799, 0.476733, 0.295342, 0.614087, 0.295342
0.77229, 0.15583, 0.634937, 0.15583, 0.634937, 0.00237305, 0.77229, 0.00237305
0.455884, 0.706611, 0.31853, 0.706611, 0.31853, 0.553154, 0.455884, 0.553154
0.77229, 0.314033, 0.634937, 0.314033, 0.634937, 0.160576, 0.77229, 0.160576
0.614087, 0.607002, 0.476733, 0.607002, 0.476733, 0.453545, 0.614087, 0.453545
0.139478, 0.835518, 0.00212402, 0.835518, 0.00212402, 0.682061, 0.139478, 0.682061
0.281079, 0.835518, 0.143726, 0.835518, 0.143726, 0.682061, 0.281079, 0.682061
0.77229, 0.472236, 0.634937, 0.472236, 0.634937, 0.318779, 0.77229, 0.318779
lc_as_trop_humid-jungle_brush_SHRUB.spt
Leaves
0.49625, 0.24625, 0.25375, 0.24625, 0.25375, 0.00375, 0.49625, 0.00375
Fronds
0.748125, 0.49625, 0.626875, 0.49625, 0.626875, 0.25375, 0.748125, 0.25375
Billboards
lc_as_trop_humid-lowbrush_SHRUB.spt
Leaves
0.49625, 0.49625, 0.25375, 0.49625, 0.25375, 0.25375, 0.49625, 0.25375
0.24625, 0.74625, 0.00375, 0.74625, 0.00375, 0.50375, 0.24625, 0.50375
Fronds
0.623125, 0.74625, 0.501875, 0.74625, 0.501875, 0.50375, 0.623125, 0.50375
Billboards
lc_as_trop_humid-thicket_SHRUB.spt
Leaves
0.873125, 0.123125, 0.751875, 0.123125, 0.751875, 0.001875, 0.873125, 0.001875
0.248125, 0.873125, 0.126875, 0.873125, 0.126875, 0.751875, 0.248125, 0.751875
Fronds
0.123125, 0.99625, 0.001875, 0.99625, 0.001875, 0.75375, 0.123125, 0.75375
Billboards
