lc_eu_central_humid-western_red_cedar_TREE.spt
Leaves
0.24625, 0.24625, 0.00375, 0.24625, 0.00375, 0.00375, 0.24625, 0.00375
0.24625, 0.49625, 0.00375, 0.49625, 0.00375, 0.25375, 0.24625, 0.25375
Fronds
0.873125, 0.99625, 0.751875, 0.99625, 0.751875, 0.75375, 0.873125, 0.75375
Billboards
0.995122, 0.95269, 0.869136, 0.95269, 0.869136, 0.798286, 0.995122, 0.798286
0.865239, 0.95269, 0.739253, 0.95269, 0.739253, 0.798286, 0.865239, 0.798286
0.996099, 0.793511, 0.870112, 0.793511, 0.870112, 0.639106, 0.996099, 0.639106
0.735356, 0.95269, 0.60937, 0.95269, 0.60937, 0.798286, 0.735356, 0.798286
0.866216, 0.793511, 0.740229, 0.793511, 0.740229, 0.639106, 0.866216, 0.639106
0.605474, 0.95269, 0.479487, 0.95269, 0.479487, 0.798286, 0.605474, 0.798286
0.881841, 0.634331, 0.755854, 0.634331, 0.755854, 0.479927, 0.881841, 0.479927
0.736333, 0.793511, 0.610347, 0.793511, 0.610347, 0.639106, 0.736333, 0.639106
lc_eu_central_humid-CommonJuniper_TREE.spt
Leaves
0.49625, 0.24625, 0.25375, 0.24625, 0.25375, 0.00375, 0.49625, 0.00375
0.49625, 0.49625, 0.25375, 0.49625, 0.25375, 0.25375, 0.49625, 0.25375
Fronds
0.748125, 0.99625, 0.626875, 0.99625, 0.626875, 0.75375, 0.748125, 0.75375
Billboards
0.907217, 0.156792, 0.780283, 0.156792, 0.780283, 0.0023877, 0.907217, 0.0023877
0.447256, 0.868706, 0.320322, 0.868706, 0.320322, 0.714302, 0.447256, 0.714302
0.751943, 0.634331, 0.62501, 0.634331, 0.62501, 0.479927, 0.751943, 0.479927
0.907217, 0.315972, 0.780283, 0.315972, 0.780283, 0.161567, 0.907217, 0.161567
0.606436, 0.793511, 0.479502, 0.793511, 0.479502, 0.639106, 0.606436, 0.639106
0.128896, 0.985894, 0.00196289, 0.985894, 0.00196289, 0.831489, 0.128896, 0.831489
0.897451, 0.475151, 0.770518, 0.475151, 0.770518, 0.320747, 0.897451, 0.320747
0.259756, 0.985894, 0.132822, 0.985894, 0.132822, 0.831489, 0.259756, 0.831489
lc_eu_central_humid-creeping_juniper_SHRUB.spt
Leaves
0.24625, 0.74625, 0.00375, 0.74625, 0.00375, 0.50375, 0.24625, 0.50375
0.74625, 0.24625, 0.50375, 0.24625, 0.50375, 0.00375, 0.74625, 0.00375
0.24625, 0.74625, 0.00375, 0.74625, 0.00375, 0.50375, 0.24625, 0.50375
Fronds
0.748125, 0.99625, 0.626875, 0.99625, 0.626875, 0.75375, 0.748125, 0.75375
Billboards
lc_eu_central_humid-elm_TREE.spt
Leaves
0.74625, 0.49625, 0.50375, 0.49625, 0.50375, 0.25375, 0.74625, 0.25375
0.49625, 0.74625, 0.25375, 0.74625, 0.25375, 0.50375, 0.49625, 0.50375
Fronds
0.623125, 0.99625, 0.501875, 0.99625, 0.501875, 0.75375, 0.623125, 0.75375
Billboards
0.766372, 0.475151, 0.625229, 0.475151, 0.625229, 0.320747, 0.766372, 0.320747
0.288833, 0.826714, 0.14769, 0.826714, 0.14769, 0.67231, 0.288833, 0.67231
0.620864, 0.634331, 0.479722, 0.634331, 0.479722, 0.479927, 0.620864, 0.479927
0.143325, 0.826714, 0.00218262, 0.826714, 0.00218262, 0.67231, 0.143325, 0.67231
0.776138, 0.315972, 0.634995, 0.315972, 0.634995, 0.161567, 0.776138, 0.161567
0.461685, 0.709526, 0.320542, 0.709526, 0.320542, 0.555122, 0.461685, 0.555122
0.776138, 0.156792, 0.634995, 0.156792, 0.634995, 0.0023877, 0.776138, 0.0023877
0.620864, 0.475151, 0.479722, 0.475151, 0.479722, 0.320747, 0.620864, 0.320747
lc_eu_central_humid-Fern_SHRUB.spt
Leaves
0.24625, 0.24625, 0.00375, 0.24625, 0.00375, 0.00375, 0.24625, 0.00375
0.24625, 0.24625, 0.00375, 0.24625, 0.00375, 0.00375, 0.24625, 0.00375
Fronds
0.74625, 0.74625, 0.50375, 0.74625, 0.50375, 0.50375, 0.74625, 0.50375
Billboards
lc_eu_central_humid-HorseChestnut_TREE.spt
Leaves
0.99625, 0.24625, 0.75375, 0.24625, 0.75375, 0.00375, 0.99625, 0.00375
0.24625, 0.99625, 0.00375, 0.99625, 0.00375, 0.75375, 0.24625, 0.75375
Fronds
0.623125, 0.99625, 0.501875, 0.99625, 0.501875, 0.75375, 0.623125, 0.75375
Billboards
0.308218, 0.667534, 0.157603, 0.667534, 0.157603, 0.51313, 0.308218, 0.51313
0.152944, 0.667534, 0.0023291, 0.667534, 0.0023291, 0.51313, 0.152944, 0.51313
0.471304, 0.550347, 0.320688, 0.550347, 0.320688, 0.395942, 0.471304, 0.395942
0.630483, 0.315972, 0.479868, 0.315972, 0.479868, 0.161567, 0.630483, 0.161567
0.630483, 0.156792, 0.479868, 0.156792, 0.479868, 0.0023877, 0.630483, 0.0023877
0.471304, 0.391167, 0.320688, 0.391167, 0.320688, 0.236763, 0.471304, 0.236763
0.308218, 0.508354, 0.157603, 0.508354, 0.157603, 0.35395, 0.308218, 0.35395
0.152944, 0.508354, 0.0023291, 0.508354, 0.0023291, 0.35395, 0.152944, 0.35395
lc_eu_central_humid-lowbrush_SHRUB.spt
Leaves
0.49625, 0.99625, 0.25375, 0.99625, 0.25375, 0.75375, 0.49625, 0.75375
0.99625, 0.49625, 0.75375, 0.49625, 0.75375, 0.25375, 0.99625, 0.25375
Fronds
0.998125, 0.99625, 0.876875, 0.99625, 0.876875, 0.75375, 0.998125, 0.75375
Billboards
lc_eu_central_humid-narrow_leaved_ash_TREE.spt
Leaves
0.99625, 0.74625, 0.75375, 0.74625, 0.75375, 0.50375, 0.99625, 0.50375
Fronds
0.623125, 0.99625, 0.501875, 0.99625, 0.501875, 0.75375, 0.623125, 0.75375
Billboards
0.475151, 0.232617, 0.320747, 0.232617, 0.320747, 0.118945, 0.475151, 0.118945
0.475151, 0.11543, 0.320747, 0.11543, 0.320747, 0.00175781, 0.475151, 0.00175781
0.315972, 0.349805, 0.161567, 0.349805, 0.161567, 0.236133, 0.315972, 0.236133
0.156792, 0.349805, 0.0023877, 0.349805, 0.0023877, 0.236133, 0.156792, 0.236133
0.315972, 0.232617, 0.161567, 0.232617, 0.161567, 0.118945, 0.315972, 0.118945
0.315972, 0.11543, 0.161567, 0.11543, 0.161567, 0.00175781, 0.315972, 0.00175781
0.156792, 0.232617, 0.0023877, 0.232617, 0.0023877, 0.118945, 0.156792, 0.118945
0.156792, 0.11543, 0.0023877, 0.11543, 0.0023877, 0.00175781, 0.156792, 0.00175781
