lc_eu_central_humid-western_red_cedar_TREE_WINTER.spt
Leaves
0.24625, 0.24625, 0.00375, 0.24625, 0.00375, 0.00375, 0.24625, 0.00375
0.24625, 0.49625, 0.00375, 0.49625, 0.00375, 0.25375, 0.24625, 0.25375
Fronds
0.623125, 0.74625, 0.501875, 0.74625, 0.501875, 0.50375, 0.623125, 0.50375
Billboards
0.965884, 0.76917, 0.843687, 0.76917, 0.843687, 0.619502, 0.965884, 0.619502
0.981509, 0.614873, 0.859312, 0.614873, 0.859312, 0.465205, 0.981509, 0.465205
0.712954, 0.923467, 0.590757, 0.923467, 0.590757, 0.773799, 0.712954, 0.773799
0.839907, 0.76917, 0.71771, 0.76917, 0.71771, 0.619502, 0.839907, 0.619502
0.997134, 0.460576, 0.874937, 0.460576, 0.874937, 0.310908, 0.997134, 0.310908
0.586978, 0.923467, 0.46478, 0.923467, 0.46478, 0.773799, 0.586978, 0.773799
0.855532, 0.614873, 0.733335, 0.614873, 0.733335, 0.465205, 0.855532, 0.465205
0.713931, 0.76917, 0.591733, 0.76917, 0.591733, 0.619502, 0.713931, 0.619502
lc_eu_central_humid-CommonJuniper_TREE_WINTER.spt
Leaves
0.49625, 0.24625, 0.25375, 0.24625, 0.25375, 0.00375, 0.49625, 0.00375
0.49625, 0.49625, 0.25375, 0.49625, 0.25375, 0.25375, 0.49625, 0.25375
Fronds
0.873125, 0.24625, 0.751875, 0.24625, 0.751875, 0.00375, 0.873125, 0.00375
Billboards
0.125049, 0.847295, 0.0019043, 0.847295, 0.0019043, 0.697627, 0.125049, 0.697627
0.879932, 0.151982, 0.756787, 0.151982, 0.756787, 0.00231445, 0.879932, 0.00231445
0.729541, 0.614873, 0.606396, 0.614873, 0.606396, 0.465205, 0.729541, 0.465205
0.279346, 0.904912, 0.156201, 0.904912, 0.156201, 0.755244, 0.279346, 0.755244
0.879932, 0.306279, 0.756787, 0.306279, 0.756787, 0.156611, 0.879932, 0.156611
0.587939, 0.76917, 0.464795, 0.76917, 0.464795, 0.619502, 0.587939, 0.619502
0.433643, 0.86585, 0.310498, 0.86585, 0.310498, 0.716182, 0.433643, 0.716182
0.871143, 0.460576, 0.747998, 0.460576, 0.747998, 0.310908, 0.871143, 0.310908
lc_eu_central_humid-creeping_juniper_SHRUB_WINTER.spt
Leaves
0.24625, 0.74625, 0.00375, 0.74625, 0.00375, 0.50375, 0.24625, 0.50375
0.74625, 0.24625, 0.50375, 0.24625, 0.50375, 0.00375, 0.74625, 0.00375
0.24625, 0.74625, 0.00375, 0.74625, 0.00375, 0.50375, 0.24625, 0.50375
Fronds
0.123125, 0.99625, 0.001875, 0.99625, 0.001875, 0.75375, 0.123125, 0.75375
Billboards
lc_eu_central_humid-elm_TREE_WINTER.spt
Leaves
0.24625, 0.24625, 0.00375, 0.24625, 0.00375, 0.00375, 0.24625, 0.00375
0.24625, 0.24625, 0.00375, 0.24625, 0.00375, 0.00375, 0.24625, 0.00375
Fronds
0.248125, 0.99625, 0.126875, 0.99625, 0.126875, 0.75375, 0.248125, 0.75375
Billboards
0.74397, 0.460576, 0.606616, 0.460576, 0.606616, 0.310908, 0.74397, 0.310908
0.602368, 0.614873, 0.465015, 0.614873, 0.465015, 0.465205, 0.602368, 0.465205
0.448071, 0.711553, 0.310718, 0.711553, 0.310718, 0.561885, 0.448071, 0.561885
0.752759, 0.306279, 0.615405, 0.306279, 0.615405, 0.156611, 0.752759, 0.156611
0.293774, 0.750615, 0.156421, 0.750615, 0.156421, 0.600947, 0.293774, 0.600947
0.752759, 0.151982, 0.615405, 0.151982, 0.615405, 0.00231445, 0.752759, 0.00231445
0.602368, 0.460576, 0.465015, 0.460576, 0.465015, 0.310908, 0.602368, 0.310908
0.139478, 0.692998, 0.00212402, 0.692998, 0.00212402, 0.54333, 0.139478, 0.54333
lc_eu_central_humid-HorseChestnut_TREE_WINTER.spt
Leaves
0.24625, 0.24625, 0.00375, 0.24625, 0.00375, 0.00375, 0.24625, 0.00375
0.24625, 0.24625, 0.00375, 0.24625, 0.00375, 0.00375, 0.24625, 0.00375
Fronds
0.248125, 0.99625, 0.126875, 0.99625, 0.126875, 0.75375, 0.248125, 0.75375
Billboards
0.456729, 0.557256, 0.31085, 0.557256, 0.31085, 0.407588, 0.456729, 0.407588
0.611025, 0.306279, 0.465146, 0.306279, 0.465146, 0.156611, 0.611025, 0.156611
0.302432, 0.596318, 0.156553, 0.596318, 0.156553, 0.44665, 0.302432, 0.44665
0.611025, 0.151982, 0.465146, 0.151982, 0.465146, 0.00231445, 0.611025, 0.00231445
0.456729, 0.402959, 0.31085, 0.402959, 0.31085, 0.253291, 0.456729, 0.253291
0.148135, 0.538701, 0.00225586, 0.538701, 0.00225586, 0.389033, 0.148135, 0.389033
0.302432, 0.442021, 0.156553, 0.442021, 0.156553, 0.292354, 0.302432, 0.292354
0.456729, 0.248662, 0.31085, 0.248662, 0.31085, 0.0989941, 0.456729, 0.0989941
lc_eu_central_humid-lowbrush_SHRUB_WINTER.spt
Leaves
0.74625, 0.49625, 0.50375, 0.49625, 0.50375, 0.25375, 0.74625, 0.25375
0.49625, 0.74625, 0.25375, 0.74625, 0.25375, 0.50375, 0.49625, 0.50375
Fronds
0.373125, 0.99625, 0.251875, 0.99625, 0.251875, 0.75375, 0.373125, 0.75375
Billboards
lc_eu_central_humid-narrow_leaved_ash_TREE_WINTER.spt
Leaves
0.24625, 0.24625, 0.00375, 0.24625, 0.00375, 0.00375, 0.24625, 0.00375
Fronds
0.248125, 0.99625, 0.126875, 0.99625, 0.126875, 0.75375, 0.248125, 0.75375
Billboards
0.460576, 0.0952295, 0.310908, 0.0952295, 0.310908, 0.0014502, 0.460576, 0.0014502
0.151982, 0.385269, 0.00231445, 0.385269, 0.00231445, 0.291489, 0.151982, 0.291489
0.306279, 0.288589, 0.156611, 0.288589, 0.156611, 0.19481, 0.306279, 0.19481
0.151982, 0.288589, 0.00231445, 0.288589, 0.00231445, 0.19481, 0.151982, 0.19481
0.306279, 0.191909, 0.156611, 0.191909, 0.156611, 0.0981299, 0.306279, 0.0981299
0.306279, 0.0952295, 0.156611, 0.0952295, 0.156611, 0.0014502, 0.306279, 0.0014502
0.151982, 0.191909, 0.00231445, 0.191909, 0.00231445, 0.0981299, 0.151982, 0.0981299
0.151982, 0.0952295, 0.00231445, 0.0952295, 0.00231445, 0.0014502, 0.151982, 0.0014502
