lc_eu_north_humid-HorseChestnut_TREE_WINTER.spt
Leaves
0.24625, 0.74625, 0.00375, 0.74625, 0.00375, 0.50375, 0.24625, 0.50375
0.24625, 0.74625, 0.00375, 0.74625, 0.00375, 0.50375, 0.24625, 0.50375
Fronds
0.24625, 0.74625, 0.00375, 0.74625, 0.00375, 0.50375, 0.24625, 0.50375
Billboards
0.596553, 0.273237, 0.462041, 0.273237, 0.462041, 0.133989, 0.596553, 0.133989
0.452998, 0.536909, 0.318486, 0.536909, 0.318486, 0.397661, 0.452998, 0.397661
0.596553, 0.416792, 0.462041, 0.416792, 0.462041, 0.277544, 0.596553, 0.277544
0.136592, 0.706831, 0.00208008, 0.706831, 0.00208008, 0.567583, 0.136592, 0.567583
0.275264, 0.706831, 0.140752, 0.706831, 0.140752, 0.567583, 0.275264, 0.567583
0.740107, 0.141401, 0.605596, 0.141401, 0.605596, 0.00215332, 0.740107, 0.00215332
0.596553, 0.560347, 0.462041, 0.560347, 0.462041, 0.421099, 0.596553, 0.421099
0.740107, 0.284956, 0.605596, 0.284956, 0.605596, 0.145708, 0.740107, 0.145708
lc_eu_north_humid-AmericanBoxwood_SHRUB_WINTER.spt
Leaves
0.24625, 0.74625, 0.00375, 0.74625, 0.00375, 0.50375, 0.24625, 0.50375
0.24625, 0.74625, 0.00375, 0.74625, 0.00375, 0.50375, 0.24625, 0.50375
Fronds
0.4925, 0.24625, 0.0075, 0.24625, 0.0075, 0.00375, 0.4925, 0.00375
Billboards
lc_eu_north_humid-Azalea_SHRUB_WINTER.spt
Leaves
0.24625, 0.74625, 0.00375, 0.74625, 0.00375, 0.50375, 0.24625, 0.50375
0.24625, 0.74625, 0.00375, 0.74625, 0.00375, 0.50375, 0.24625, 0.50375
Fronds
0.4925, 0.24625, 0.0075, 0.24625, 0.0075, 0.00375, 0.4925, 0.00375
Billboards
lc_eu_north_humid-BlueSpruce_TREE_WINTER.spt
Leaves
0.4925, 0.49625, 0.0075, 0.49625, 0.0075, 0.25375, 0.4925, 0.25375
Fronds
0.373125, 0.74625, 0.251875, 0.74625, 0.251875, 0.50375, 0.373125, 0.50375
Billboards
0.982588, 0.284956, 0.867022, 0.284956, 0.867022, 0.145708, 0.982588, 0.145708
0.43376, 0.967573, 0.318193, 0.967573, 0.318193, 0.828325, 0.43376, 0.828325
0.971846, 0.428511, 0.856279, 0.428511, 0.856279, 0.289263, 0.971846, 0.289263
0.843916, 0.71562, 0.72835, 0.71562, 0.72835, 0.576372, 0.843916, 0.576372
0.720869, 0.859175, 0.605303, 0.859175, 0.605303, 0.719927, 0.720869, 0.719927
0.971846, 0.572065, 0.856279, 0.572065, 0.856279, 0.432817, 0.971846, 0.432817
0.577314, 0.991011, 0.461748, 0.991011, 0.461748, 0.851763, 0.577314, 0.851763
0.84001, 0.859175, 0.724443, 0.859175, 0.724443, 0.719927, 0.84001, 0.719927
lc_eu_north_humid-common_alder2_TREE_WINTER.spt
Leaves
0.24625, 0.74625, 0.00375, 0.74625, 0.00375, 0.50375, 0.24625, 0.50375
0.24625, 0.74625, 0.00375, 0.74625, 0.00375, 0.50375, 0.24625, 0.50375
Fronds
0.24625, 0.74625, 0.00375, 0.74625, 0.00375, 0.50375, 0.24625, 0.50375
Billboards
0.724717, 0.71562, 0.605361, 0.71562, 0.605361, 0.576372, 0.724717, 0.576372
0.581162, 0.847456, 0.461807, 0.847456, 0.461807, 0.708208, 0.581162, 0.708208
0.852646, 0.572065, 0.733291, 0.572065, 0.733291, 0.432817, 0.852646, 0.432817
0.121201, 0.99394, 0.0018457, 0.99394, 0.0018457, 0.854692, 0.121201, 0.854692
0.244248, 0.99394, 0.124893, 0.99394, 0.124893, 0.854692, 0.244248, 0.854692
0.991318, 0.141401, 0.871963, 0.141401, 0.871963, 0.00215332, 0.991318, 0.00215332
0.852646, 0.428511, 0.733291, 0.428511, 0.733291, 0.289263, 0.852646, 0.289263
0.863389, 0.284956, 0.744033, 0.284956, 0.744033, 0.145708, 0.863389, 0.145708
lc_eu_north_humid-common_alder_TREE_WINTER.spt
Leaves
0.24625, 0.74625, 0.00375, 0.74625, 0.00375, 0.50375, 0.24625, 0.50375
Fronds
0.24625, 0.74625, 0.00375, 0.74625, 0.00375, 0.50375, 0.24625, 0.50375
Billboards
0.284956, 0.431616, 0.145708, 0.431616, 0.145708, 0.303735, 0.284956, 0.303735
0.457808, 0.261694, 0.31856, 0.261694, 0.31856, 0.133813, 0.457808, 0.133813
0.457808, 0.39353, 0.31856, 0.39353, 0.31856, 0.265649, 0.457808, 0.265649
0.141401, 0.563452, 0.00215332, 0.563452, 0.00215332, 0.435571, 0.141401, 0.435571
0.284956, 0.563452, 0.145708, 0.563452, 0.145708, 0.435571, 0.284956, 0.435571
0.601362, 0.129858, 0.462114, 0.129858, 0.462114, 0.00197754, 0.601362, 0.00197754
0.457808, 0.129858, 0.31856, 0.129858, 0.31856, 0.00197754, 0.457808, 0.00197754
0.141401, 0.431616, 0.00215332, 0.431616, 0.00215332, 0.303735, 0.141401, 0.303735
lc_eu_north_humid-elm_TREE_WINTER.spt
Leaves
0.24625, 0.74625, 0.00375, 0.74625, 0.00375, 0.50375, 0.24625, 0.50375
0.24625, 0.74625, 0.00375, 0.74625, 0.00375, 0.50375, 0.24625, 0.50375
Fronds
0.24625, 0.74625, 0.00375, 0.74625, 0.00375, 0.50375, 0.24625, 0.50375
Billboards
0.442417, 0.680464, 0.318325, 0.680464, 0.318325, 0.541216, 0.442417, 0.541216
0.729526, 0.428511, 0.605435, 0.428511, 0.605435, 0.289263, 0.729526, 0.289263
0.126011, 0.850386, 0.00191895, 0.850386, 0.00191895, 0.711138, 0.126011, 0.711138
0.25394, 0.850386, 0.129849, 0.850386, 0.129849, 0.711138, 0.25394, 0.711138
0.585972, 0.703901, 0.46188, 0.703901, 0.46188, 0.564653, 0.585972, 0.564653
0.729526, 0.572065, 0.605435, 0.572065, 0.605435, 0.432817, 0.729526, 0.432817
0.868198, 0.141401, 0.744106, 0.141401, 0.744106, 0.00215332, 0.868198, 0.00215332
0.442417, 0.824019, 0.318325, 0.824019, 0.318325, 0.684771, 0.442417, 0.684771
lc_eu_north_humid-english_oak_TREE_WINTER.spt
Leaves
0.9925, 0.24625, 0.5075, 0.24625, 0.5075, 0.00375, 0.9925, 0.00375
0.9925, 0.49625, 0.5075, 0.49625, 0.5075, 0.25375, 0.9925, 0.25375
Fronds
0.373125, 0.74625, 0.251875, 0.74625, 0.251875, 0.50375, 0.373125, 0.50375
Billboards
0.314033, 0.300249, 0.160576, 0.300249, 0.160576, 0.202681, 0.314033, 0.202681
0.15583, 0.300249, 0.00237305, 0.300249, 0.00237305, 0.202681, 0.15583, 0.202681
0.314033, 0.199663, 0.160576, 0.199663, 0.160576, 0.102095, 0.314033, 0.102095
0.314033, 0.0990772, 0.160576, 0.0990772, 0.160576, 0.00150879, 0.314033, 0.00150879
0.15583, 0.199663, 0.00237305, 0.199663, 0.00237305, 0.102095, 0.15583, 0.102095
0.15583, 0.0990772, 0.00237305, 0.0990772, 0.00237305, 0.00150879, 0.15583, 0.00150879
