lc_eu_north_humid-HorseChestnut_TREE.spt
Leaves
0.24625, 0.24625, 0.00375, 0.24625, 0.00375, 0.00375, 0.24625, 0.00375
0.24625, 0.49625, 0.00375, 0.49625, 0.00375, 0.25375, 0.24625, 0.25375
Fronds
0.873125, 0.99625, 0.751875, 0.99625, 0.751875, 0.75375, 0.873125, 0.75375
Billboards
0.486812, 0.264229, 0.328618, 0.264229, 0.328618, 0.110771, 0.486812, 0.110771
0.323726, 0.481025, 0.165532, 0.481025, 0.165532, 0.327568, 0.323726, 0.327568
0.486812, 0.422432, 0.328618, 0.422432, 0.328618, 0.268975, 0.486812, 0.268975
0.16064, 0.589424, 0.00244629, 0.589424, 0.00244629, 0.435967, 0.16064, 0.435967
0.649897, 0.15583, 0.491704, 0.15583, 0.491704, 0.00237305, 0.649897, 0.00237305
0.323726, 0.639229, 0.165532, 0.639229, 0.165532, 0.485771, 0.323726, 0.485771
0.649897, 0.314033, 0.491704, 0.314033, 0.491704, 0.160576, 0.649897, 0.160576
0.486812, 0.580635, 0.328618, 0.580635, 0.328618, 0.427178, 0.486812, 0.427178
lc_eu_north_humid-AmericanBoxwood_SHRUB.spt
Leaves
0.49625, 0.24625, 0.25375, 0.24625, 0.25375, 0.00375, 0.49625, 0.00375
0.49625, 0.49625, 0.25375, 0.49625, 0.25375, 0.25375, 0.49625, 0.25375
Fronds
0.24625, 0.74625, 0.00375, 0.74625, 0.00375, 0.50375, 0.24625, 0.50375
Billboards
lc_eu_north_humid-Azalea_SHRUB.spt
Leaves
0.74625, 0.24625, 0.50375, 0.24625, 0.50375, 0.00375, 0.74625, 0.00375
0.74625, 0.49625, 0.50375, 0.49625, 0.50375, 0.25375, 0.74625, 0.25375
Fronds
0.24625, 0.74625, 0.00375, 0.74625, 0.00375, 0.50375, 0.24625, 0.50375
Billboards
lc_eu_north_humid-BlueSpruce_TREE.spt
Leaves
0.49625, 0.74625, 0.25375, 0.74625, 0.25375, 0.50375, 0.49625, 0.50375
Fronds
0.936562, 0.99625, 0.875938, 0.99625, 0.875938, 0.75375, 0.936562, 0.75375
Billboards
0.133706, 0.915522, 0.00203613, 0.915522, 0.00203613, 0.757329, 0.133706, 0.757329
0.93644, 0.16064, 0.804771, 0.16064, 0.804771, 0.00244629, 0.93644, 0.00244629
0.622964, 0.803218, 0.491294, 0.803218, 0.491294, 0.645024, 0.622964, 0.645024
0.459878, 0.906733, 0.328208, 0.906733, 0.328208, 0.74854, 0.459878, 0.74854
0.78605, 0.649897, 0.65438, 0.649897, 0.65438, 0.491704, 0.78605, 0.491704
0.93644, 0.323726, 0.804771, 0.323726, 0.804771, 0.165532, 0.93644, 0.165532
0.296792, 0.965327, 0.165122, 0.965327, 0.165122, 0.807134, 0.296792, 0.807134
0.93644, 0.486812, 0.804771, 0.486812, 0.804771, 0.328618, 0.93644, 0.328618
lc_eu_north_humid-common_alder_TREE.spt
Leaves
0.74625, 0.74625, 0.50375, 0.74625, 0.50375, 0.50375, 0.74625, 0.50375
0.99625, 0.24625, 0.75375, 0.24625, 0.75375, 0.00375, 0.99625, 0.00375
Fronds
0.873125, 0.99625, 0.751875, 0.99625, 0.751875, 0.75375, 0.873125, 0.75375
Billboards
0.996318, 0.976069, 0.884541, 0.976069, 0.884541, 0.817876, 0.996318, 0.817876
0.881084, 0.976069, 0.769307, 0.976069, 0.769307, 0.817876, 0.881084, 0.817876
0.996318, 0.812983, 0.884541, 0.812983, 0.884541, 0.65479, 0.996318, 0.65479
0.76585, 0.976069, 0.654072, 0.976069, 0.654072, 0.817876, 0.76585, 0.817876
0.881084, 0.812983, 0.769307, 0.812983, 0.769307, 0.65479, 0.881084, 0.65479
0.602764, 0.966304, 0.490986, 0.966304, 0.490986, 0.80811, 0.602764, 0.80811
0.901592, 0.649897, 0.789814, 0.649897, 0.789814, 0.491704, 0.901592, 0.491704
0.76585, 0.812983, 0.654072, 0.812983, 0.654072, 0.65479, 0.76585, 0.65479
lc_eu_north_humid-elm_TREE.spt
Leaves
0.24625, 0.99625, 0.00375, 0.99625, 0.00375, 0.75375, 0.24625, 0.75375
0.49625, 0.99625, 0.25375, 0.99625, 0.25375, 0.75375, 0.49625, 0.75375
Fronds
0.873125, 0.99625, 0.751875, 0.99625, 0.751875, 0.75375, 0.873125, 0.75375
Billboards
0.637393, 0.477046, 0.491514, 0.477046, 0.491514, 0.318853, 0.637393, 0.318853
0.148135, 0.752437, 0.00225586, 0.752437, 0.00225586, 0.594243, 0.148135, 0.594243
0.800479, 0.16064, 0.6546, 0.16064, 0.6546, 0.00244629, 0.800479, 0.00244629
0.311221, 0.802241, 0.165342, 0.802241, 0.165342, 0.644048, 0.311221, 0.644048
0.474307, 0.743647, 0.328428, 0.743647, 0.328428, 0.585454, 0.474307, 0.585454
0.800479, 0.323726, 0.6546, 0.323726, 0.6546, 0.165532, 0.800479, 0.165532
0.637393, 0.640132, 0.491514, 0.640132, 0.491514, 0.481938, 0.637393, 0.481938
0.800479, 0.486812, 0.6546, 0.486812, 0.6546, 0.328618, 0.800479, 0.328618
lc_eu_north_humid-english_oak_TREE.spt
Leaves
0.99625, 0.49625, 0.75375, 0.49625, 0.75375, 0.25375, 0.99625, 0.25375
0.99625, 0.74625, 0.75375, 0.74625, 0.75375, 0.50375, 0.99625, 0.50375
Fronds
0.936562, 0.99625, 0.875938, 0.99625, 0.875938, 0.75375, 0.936562, 0.75375
Billboards
0.486812, 0.106772, 0.328618, 0.106772, 0.328618, 0.00162598, 0.486812, 0.00162598
0.16064, 0.431968, 0.00244629, 0.431968, 0.00244629, 0.326821, 0.16064, 0.326821
0.323726, 0.323569, 0.165532, 0.323569, 0.165532, 0.218423, 0.323726, 0.218423
0.16064, 0.323569, 0.00244629, 0.323569, 0.00244629, 0.218423, 0.16064, 0.218423
0.323726, 0.215171, 0.165532, 0.215171, 0.165532, 0.110024, 0.323726, 0.110024
0.323726, 0.106772, 0.165532, 0.106772, 0.165532, 0.00162598, 0.323726, 0.00162598
0.16064, 0.215171, 0.00244629, 0.215171, 0.00244629, 0.110024, 0.16064, 0.110024
0.16064, 0.106772, 0.00244629, 0.106772, 0.00244629, 0.00162598, 0.16064, 0.00162598
lc_eu_north_humid-Fern_SHRUB.spt
Leaves
0.74625, 0.24625, 0.50375, 0.24625, 0.50375, 0.00375, 0.74625, 0.00375
0.74625, 0.49625, 0.50375, 0.49625, 0.50375, 0.25375, 0.74625, 0.25375
Fronds
0.74625, 0.99625, 0.50375, 0.99625, 0.50375, 0.75375, 0.74625, 0.75375
Billboards
