lc_eu_north_s_arid-burford_holly_SHRUB.spt
Leaves
0.24625, 0.24625, 0.00375, 0.24625, 0.00375, 0.00375, 0.24625, 0.00375
0.24625, 0.49625, 0.00375, 0.49625, 0.00375, 0.25375, 0.24625, 0.25375
Fronds
0.873125, 0.49625, 0.751875, 0.49625, 0.751875, 0.25375, 0.873125, 0.25375
Billboards
lc_eu_north_s_arid-english_oak_TREE.spt
Leaves
0.49625, 0.24625, 0.25375, 0.24625, 0.25375, 0.00375, 0.49625, 0.00375
0.49625, 0.49625, 0.25375, 0.49625, 0.25375, 0.25375, 0.49625, 0.25375
Fronds
0.811562, 0.74625, 0.750938, 0.74625, 0.750938, 0.50375, 0.811562, 0.50375
Billboards
0.156792, 0.104849, 0.0023877, 0.104849, 0.0023877, 0.00159668, 0.156792, 0.00159668
0.156792, 0.211294, 0.0023877, 0.211294, 0.0023877, 0.108042, 0.156792, 0.108042
0.315972, 0.104849, 0.161567, 0.104849, 0.161567, 0.00159668, 0.315972, 0.00159668
0.315972, 0.211294, 0.161567, 0.211294, 0.161567, 0.108042, 0.315972, 0.108042
0.156792, 0.317739, 0.0023877, 0.317739, 0.0023877, 0.214487, 0.156792, 0.214487
0.315972, 0.317739, 0.161567, 0.317739, 0.161567, 0.214487, 0.315972, 0.214487
0.475151, 0.104849, 0.320747, 0.104849, 0.320747, 0.00159668, 0.475151, 0.00159668
0.156792, 0.424185, 0.0023877, 0.424185, 0.0023877, 0.320933, 0.156792, 0.320933
lc_eu_north_s_arid-hazel_humid_SHRUB.spt
Leaves
0.623125, 0.873125, 0.501875, 0.873125, 0.501875, 0.751875, 0.623125, 0.751875
0.623125, 0.873125, 0.501875, 0.873125, 0.501875, 0.751875, 0.623125, 0.751875
0.623125, 0.873125, 0.501875, 0.873125, 0.501875, 0.751875, 0.623125, 0.751875
0.623125, 0.873125, 0.501875, 0.873125, 0.501875, 0.751875, 0.623125, 0.751875
Fronds
0.123125, 0.99625, 0.001875, 0.99625, 0.001875, 0.75375, 0.123125, 0.75375
Billboards
lc_eu_north_s_arid-lombardy_poplar_TREE.spt
Leaves
0.24625, 0.74625, 0.00375, 0.74625, 0.00375, 0.50375, 0.24625, 0.50375
Fronds
0.248125, 0.99625, 0.126875, 0.99625, 0.126875, 0.75375, 0.248125, 0.75375
Billboards
0.984482, 0.905815, 0.865127, 0.905815, 0.865127, 0.751411, 0.984482, 0.751411
0.861436, 0.905815, 0.74208, 0.905815, 0.74208, 0.751411, 0.861436, 0.751411
0.984482, 0.746636, 0.865127, 0.746636, 0.865127, 0.592231, 0.984482, 0.592231
0.995225, 0.581597, 0.875869, 0.581597, 0.875869, 0.427192, 0.995225, 0.427192
0.712998, 0.901909, 0.593643, 0.901909, 0.593643, 0.747505, 0.712998, 0.747505
0.861436, 0.746636, 0.74208, 0.746636, 0.74208, 0.592231, 0.861436, 0.592231
0.995225, 0.422417, 0.875869, 0.422417, 0.875869, 0.268013, 0.995225, 0.268013
0.995225, 0.263237, 0.875869, 0.263237, 0.875869, 0.108833, 0.995225, 0.108833
lc_eu_north_s_arid-norway_maple_TREE.spt
Leaves
0.74625, 0.24625, 0.50375, 0.24625, 0.50375, 0.00375, 0.74625, 0.00375
0.74625, 0.49625, 0.50375, 0.49625, 0.50375, 0.25375, 0.74625, 0.25375
Fronds
0.373125, 0.99625, 0.251875, 0.99625, 0.251875, 0.75375, 0.373125, 0.75375
Billboards
0.601377, 0.422417, 0.463076, 0.422417, 0.463076, 0.268013, 0.601377, 0.268013
0.458799, 0.581597, 0.320498, 0.581597, 0.320498, 0.427192, 0.458799, 0.427192
0.299619, 0.635308, 0.161318, 0.635308, 0.161318, 0.480903, 0.299619, 0.480903
0.601377, 0.263237, 0.463076, 0.263237, 0.463076, 0.108833, 0.601377, 0.108833
0.140439, 0.582573, 0.00213867, 0.582573, 0.00213867, 0.428169, 0.140439, 0.428169
0.458799, 0.422417, 0.320498, 0.422417, 0.320498, 0.268013, 0.458799, 0.268013
0.299619, 0.476128, 0.161318, 0.476128, 0.161318, 0.321724, 0.299619, 0.321724
0.458799, 0.263237, 0.320498, 0.263237, 0.320498, 0.108833, 0.458799, 0.108833
lc_eu_north_s_arid-restharrow_SHRUB.spt
Leaves
0.936562, 0.311563, 0.875938, 0.311563, 0.875938, 0.250937, 0.936562, 0.250937
Fronds
0.123125, 0.99625, 0.001875, 0.99625, 0.001875, 0.75375, 0.123125, 0.75375
Billboards
lc_eu_north_s_arid-silver_birch_TREE.spt
Leaves
0.49625, 0.74625, 0.25375, 0.74625, 0.25375, 0.50375, 0.49625, 0.50375
0.74625, 0.74625, 0.50375, 0.74625, 0.50375, 0.50375, 0.74625, 0.50375
Fronds
0.498125, 0.99625, 0.376875, 0.99625, 0.376875, 0.75375, 0.498125, 0.75375
Billboards
0.134668, 0.741753, 0.00205078, 0.741753, 0.00205078, 0.587349, 0.134668, 0.587349
0.738184, 0.263237, 0.605566, 0.263237, 0.605566, 0.108833, 0.738184, 0.108833
0.595605, 0.581597, 0.462988, 0.581597, 0.462988, 0.427192, 0.595605, 0.427192
0.293848, 0.794487, 0.16123, 0.794487, 0.16123, 0.640083, 0.293848, 0.640083
0.738184, 0.422417, 0.605566, 0.422417, 0.605566, 0.268013, 0.738184, 0.268013
0.453027, 0.740776, 0.32041, 0.740776, 0.32041, 0.586372, 0.453027, 0.586372
0.732324, 0.581597, 0.599707, 0.581597, 0.599707, 0.427192, 0.732324, 0.427192
0.589746, 0.740776, 0.457129, 0.740776, 0.457129, 0.586372, 0.589746, 0.586372
lc_eu_north_s_arid-BlueSpruce_TREE.spt
Leaves
0.99625, 0.24625, 0.75375, 0.24625, 0.75375, 0.00375, 0.99625, 0.00375
Fronds
0.811562, 0.74625, 0.750938, 0.74625, 0.750938, 0.50375, 0.811562, 0.50375
Billboards
0.583931, 0.90188, 0.454155, 0.90188, 0.454155, 0.745581, 0.583931, 0.745581
0.872017, 0.587427, 0.742241, 0.587427, 0.742241, 0.431128, 0.872017, 0.431128
0.723579, 0.7427, 0.593804, 0.7427, 0.593804, 0.586401, 0.723579, 0.586401
0.290962, 0.955591, 0.161187, 0.955591, 0.161187, 0.799292, 0.290962, 0.799292
0.450142, 0.90188, 0.320366, 0.90188, 0.320366, 0.745581, 0.450142, 0.745581
0.872017, 0.426294, 0.742241, 0.426294, 0.742241, 0.269995, 0.872017, 0.269995
0.872017, 0.265161, 0.742241, 0.265161, 0.742241, 0.108862, 0.872017, 0.108862
0.131782, 0.902856, 0.00200684, 0.902856, 0.00200684, 0.746558, 0.131782, 0.746558
