lc_sand_desert-thicket_SHRUB.spt
Leaves
0.99625, 0.123125, 0.75375, 0.123125, 0.75375, 0.001875, 0.99625, 0.001875
0.99625, 0.248125, 0.75375, 0.248125, 0.75375, 0.126875, 0.99625, 0.126875
Fronds
0.24625, 0.49625, 0.00375, 0.49625, 0.00375, 0.25375, 0.24625, 0.25375
Billboards
lc_sand_desert-coconut_palm_TREE.spt
Leaves
0.99625, 0.123125, 0.75375, 0.123125, 0.75375, 0.001875, 0.99625, 0.001875
0.99625, 0.123125, 0.75375, 0.123125, 0.75375, 0.001875, 0.99625, 0.001875
Fronds
0.74625, 0.24625, 0.50375, 0.24625, 0.50375, 0.00375, 0.74625, 0.00375
Billboards
0.987441, 0.298525, 0.86998, 0.298525, 0.86998, 0.152646, 0.987441, 0.152646
0.987441, 0.148135, 0.86998, 0.148135, 0.86998, 0.00225586, 0.987441, 0.00225586
0.847793, 0.599307, 0.730332, 0.599307, 0.730332, 0.453428, 0.847793, 0.453428
0.72084, 0.749697, 0.603379, 0.749697, 0.603379, 0.603818, 0.72084, 0.603818
0.269668, 0.967471, 0.152207, 0.967471, 0.152207, 0.821592, 0.269668, 0.821592
0.570449, 0.8454, 0.452988, 0.8454, 0.452988, 0.699521, 0.570449, 0.699521
0.420059, 0.908877, 0.302598, 0.908877, 0.302598, 0.762998, 0.420059, 0.762998
0.847793, 0.448916, 0.730332, 0.448916, 0.730332, 0.303037, 0.847793, 0.303037
lc_sand_desert-curly_palm_TREE.spt
Leaves
0.99625, 0.123125, 0.75375, 0.123125, 0.75375, 0.001875, 0.99625, 0.001875
0.99625, 0.123125, 0.75375, 0.123125, 0.75375, 0.001875, 0.99625, 0.001875
Fronds
0.49625, 0.49625, 0.25375, 0.49625, 0.25375, 0.25375, 0.49625, 0.25375
Billboards
0.946763, 0.448916, 0.851089, 0.448916, 0.851089, 0.303037, 0.946763, 0.303037
0.81981, 0.749697, 0.724136, 0.749697, 0.724136, 0.603818, 0.81981, 0.603818
0.548325, 0.995791, 0.452651, 0.995791, 0.452651, 0.849912, 0.548325, 0.849912
0.946763, 0.599307, 0.851089, 0.599307, 0.851089, 0.453428, 0.946763, 0.453428
0.698716, 0.900088, 0.603042, 0.900088, 0.603042, 0.754209, 0.698716, 0.754209
0.918442, 0.749697, 0.822769, 0.749697, 0.822769, 0.603818, 0.918442, 0.603818
0.797349, 0.900088, 0.701675, 0.900088, 0.701675, 0.754209, 0.797349, 0.754209
0.895981, 0.900088, 0.800308, 0.900088, 0.800308, 0.754209, 0.895981, 0.754209
lc_sand_desert-date_palm_TREE.spt
Leaves
0.99625, 0.123125, 0.75375, 0.123125, 0.75375, 0.001875, 0.99625, 0.001875
Fronds
0.873125, 0.62125, 0.751875, 0.62125, 0.751875, 0.37875, 0.873125, 0.37875
Billboards
0.137554, 0.784854, 0.00209473, 0.784854, 0.00209473, 0.638975, 0.137554, 0.638975
0.739116, 0.298525, 0.603657, 0.298525, 0.603657, 0.152646, 0.739116, 0.152646
0.739116, 0.148135, 0.603657, 0.148135, 0.603657, 0.00225586, 0.739116, 0.00225586
0.588726, 0.544619, 0.453267, 0.544619, 0.453267, 0.39874, 0.588726, 0.39874
0.438335, 0.608096, 0.302876, 0.608096, 0.302876, 0.462217, 0.438335, 0.462217
0.287944, 0.666689, 0.152485, 0.666689, 0.152485, 0.520811, 0.287944, 0.520811
0.588726, 0.394229, 0.453267, 0.394229, 0.453267, 0.24835, 0.588726, 0.24835
0.137554, 0.634463, 0.00209473, 0.634463, 0.00209473, 0.488584, 0.137554, 0.488584
lc_sand_desert-dead_tree_1_TREE.spt
Leaves
0.99625, 0.123125, 0.75375, 0.123125, 0.75375, 0.001875, 0.99625, 0.001875
Fronds
0.99625, 0.373125, 0.75375, 0.373125, 0.75375, 0.251875, 0.99625, 0.251875
Billboards
0.148135, 0.089458, 0.00225586, 0.089458, 0.00225586, 0.0013623, 0.148135, 0.0013623
0.148135, 0.180278, 0.00225586, 0.180278, 0.00225586, 0.0921826, 0.148135, 0.0921826
0.298525, 0.089458, 0.152646, 0.089458, 0.152646, 0.0013623, 0.298525, 0.0013623
0.298525, 0.180278, 0.152646, 0.180278, 0.152646, 0.0921826, 0.298525, 0.0921826
0.148135, 0.271099, 0.00225586, 0.271099, 0.00225586, 0.183003, 0.148135, 0.183003
0.298525, 0.271099, 0.152646, 0.271099, 0.152646, 0.183003, 0.298525, 0.183003
0.148135, 0.361919, 0.00225586, 0.361919, 0.00225586, 0.273823, 0.148135, 0.273823
0.448916, 0.089458, 0.303037, 0.089458, 0.303037, 0.0013623, 0.448916, 0.0013623
lc_sand_desert-dead_tree_2_TREE.spt
Leaves
0.99625, 0.123125, 0.75375, 0.123125, 0.75375, 0.001875, 0.99625, 0.001875
Fronds
0.99625, 0.373125, 0.75375, 0.373125, 0.75375, 0.251875, 0.99625, 0.251875
Billboards
0.298525, 0.393662, 0.152646, 0.393662, 0.152646, 0.274307, 0.298525, 0.274307
0.448916, 0.212021, 0.303037, 0.212021, 0.303037, 0.092666, 0.448916, 0.092666
0.148135, 0.484482, 0.00225586, 0.484482, 0.00225586, 0.365127, 0.148135, 0.365127
0.448916, 0.335068, 0.303037, 0.335068, 0.303037, 0.215713, 0.448916, 0.215713
0.298525, 0.516709, 0.152646, 0.516709, 0.152646, 0.397354, 0.298525, 0.397354
0.599307, 0.121201, 0.453428, 0.121201, 0.453428, 0.0018457, 0.599307, 0.0018457
0.448916, 0.458115, 0.303037, 0.458115, 0.303037, 0.33876, 0.448916, 0.33876
0.599307, 0.244248, 0.453428, 0.244248, 0.453428, 0.124893, 0.599307, 0.124893
lc_sand_desert-general_fan_palm_TREE.spt
Leaves
0.74625, 0.49625, 0.50375, 0.49625, 0.50375, 0.25375, 0.74625, 0.25375
0.74625, 0.49625, 0.50375, 0.49625, 0.50375, 0.25375, 0.74625, 0.25375
Fronds
0.4925, 0.24625, 0.0075, 0.24625, 0.0075, 0.00375, 0.4925, 0.00375
Billboards
0.125049, 0.935244, 0.0019043, 0.935244, 0.0019043, 0.789365, 0.125049, 0.789365
0.86626, 0.298525, 0.743115, 0.298525, 0.743115, 0.152646, 0.86626, 0.152646
0.726611, 0.599307, 0.603467, 0.599307, 0.603467, 0.453428, 0.726611, 0.453428
0.86626, 0.148135, 0.743115, 0.148135, 0.743115, 0.00225586, 0.86626, 0.00225586
0.576221, 0.69501, 0.453076, 0.69501, 0.453076, 0.549131, 0.576221, 0.549131
0.275439, 0.81708, 0.152295, 0.81708, 0.152295, 0.671201, 0.275439, 0.671201
0.42583, 0.758486, 0.302686, 0.758486, 0.302686, 0.612607, 0.42583, 0.612607
0.726611, 0.448916, 0.603467, 0.448916, 0.603467, 0.303037, 0.726611, 0.303037
lc_sand_desert-lowbrush_SHRUB.spt
Leaves
0.24625, 0.623125, 0.00375, 0.623125, 0.00375, 0.501875, 0.24625, 0.501875
0.49625, 0.623125, 0.25375, 0.623125, 0.25375, 0.501875, 0.49625, 0.501875
Fronds
0.623125, 0.623125, 0.501875, 0.623125, 0.501875, 0.501875, 0.623125, 0.501875
Billboards
lc_sand_desert-restharrow_SHRUB.spt
Leaves
0.998125, 0.436563, 0.876875, 0.436563, 0.876875, 0.375937, 0.998125, 0.375937
Fronds
0.623125, 0.623125, 0.501875, 0.623125, 0.501875, 0.501875, 0.623125, 0.501875
Billboards
