lc_tundra-AlaskaCedar_TREE.spt
Leaves
0.99625, 0.7425, 0.75375, 0.7425, 0.75375, 0.2575, 0.99625, 0.2575
Fronds
0.99625, 0.7425, 0.75375, 0.7425, 0.75375, 0.2575, 0.99625, 0.2575
Billboards
0.774858, 0.827588, 0.67729, 0.827588, 0.67729, 0.666553, 0.774858, 0.666553
0.509233, 0.993604, 0.411665, 0.993604, 0.411665, 0.832568, 0.509233, 0.832568
0.408647, 0.993604, 0.311079, 0.993604, 0.311079, 0.832568, 0.408647, 0.832568
0.82564, 0.661572, 0.728071, 0.661572, 0.728071, 0.500537, 0.82564, 0.500537
0.674272, 0.827588, 0.576704, 0.827588, 0.576704, 0.666553, 0.674272, 0.666553
0.308062, 0.993604, 0.210493, 0.993604, 0.210493, 0.832568, 0.308062, 0.832568
0.886187, 0.495557, 0.788618, 0.495557, 0.788618, 0.334521, 0.886187, 0.334521
0.935991, 0.163525, 0.838423, 0.163525, 0.838423, 0.00249023, 0.935991, 0.00249023
lc_tundra-AustrianPine_TREE.spt
Leaves
0.24625, 0.24625, 0.00375, 0.24625, 0.00375, 0.00375, 0.24625, 0.00375
0.24625, 0.49625, 0.00375, 0.49625, 0.00375, 0.25375, 0.24625, 0.25375
Fronds
0.936562, 0.99625, 0.875938, 0.99625, 0.875938, 0.75375, 0.936562, 0.75375
Billboards
0.432681, 0.495557, 0.310483, 0.495557, 0.310483, 0.334521, 0.432681, 0.334521
0.586978, 0.163525, 0.46478, 0.163525, 0.46478, 0.00249023, 0.586978, 0.00249023
0.586978, 0.329541, 0.46478, 0.329541, 0.46478, 0.168506, 0.586978, 0.168506
0.124087, 0.661572, 0.00188965, 0.661572, 0.00188965, 0.500537, 0.124087, 0.500537
0.250063, 0.661572, 0.127866, 0.661572, 0.127866, 0.500537, 0.250063, 0.500537
0.558657, 0.495557, 0.43646, 0.495557, 0.43646, 0.334521, 0.558657, 0.334521
0.37604, 0.661572, 0.253843, 0.661572, 0.253843, 0.500537, 0.37604, 0.500537
0.712954, 0.163525, 0.590757, 0.163525, 0.590757, 0.00249023, 0.712954, 0.00249023
lc_tundra-BlueSpruce_TREE.spt
Leaves
0.49625, 0.24625, 0.25375, 0.24625, 0.25375, 0.00375, 0.49625, 0.00375
0.49625, 0.49625, 0.25375, 0.49625, 0.25375, 0.25375, 0.49625, 0.25375
Fronds
0.373125, 0.99625, 0.251875, 0.99625, 0.251875, 0.75375, 0.373125, 0.75375
Billboards
0.709106, 0.329541, 0.590698, 0.329541, 0.590698, 0.168506, 0.709106, 0.168506
0.498169, 0.661572, 0.379761, 0.661572, 0.379761, 0.500537, 0.498169, 0.500537
0.680786, 0.495557, 0.562378, 0.495557, 0.562378, 0.334521, 0.680786, 0.334521
0.120239, 0.827588, 0.00183105, 0.827588, 0.00183105, 0.666553, 0.120239, 0.666553
0.24231, 0.827588, 0.123901, 0.827588, 0.123901, 0.666553, 0.24231, 0.666553
0.620239, 0.661572, 0.501831, 0.661572, 0.501831, 0.500537, 0.620239, 0.500537
0.36438, 0.827588, 0.245972, 0.827588, 0.245972, 0.666553, 0.36438, 0.666553
0.835083, 0.163525, 0.716675, 0.163525, 0.716675, 0.00249023, 0.835083, 0.00249023
lc_tundra-ChristmasScotchPine_TREE.spt
Leaves
0.24625, 0.74625, 0.00375, 0.74625, 0.00375, 0.50375, 0.24625, 0.50375
0.74625, 0.24625, 0.50375, 0.24625, 0.50375, 0.00375, 0.74625, 0.00375
Fronds
0.936562, 0.99625, 0.875938, 0.99625, 0.875938, 0.75375, 0.936562, 0.75375
Billboards
0.306279, 0.495557, 0.156611, 0.495557, 0.156611, 0.334521, 0.306279, 0.334521
0.460576, 0.329541, 0.310908, 0.329541, 0.310908, 0.168506, 0.460576, 0.168506
0.151982, 0.495557, 0.00231445, 0.495557, 0.00231445, 0.334521, 0.151982, 0.334521
0.460576, 0.163525, 0.310908, 0.163525, 0.310908, 0.00249023, 0.460576, 0.00249023
0.306279, 0.329541, 0.156611, 0.329541, 0.156611, 0.168506, 0.306279, 0.168506
0.151982, 0.329541, 0.00231445, 0.329541, 0.00231445, 0.168506, 0.151982, 0.168506
0.306279, 0.163525, 0.156611, 0.163525, 0.156611, 0.00249023, 0.306279, 0.00249023
0.151982, 0.163525, 0.00231445, 0.163525, 0.00231445, 0.00249023, 0.151982, 0.00249023
lc_tundra-creeping_juniper_SHRUB.spt
Leaves
0.74625, 0.49625, 0.50375, 0.49625, 0.50375, 0.25375, 0.74625, 0.25375
0.49625, 0.74625, 0.25375, 0.74625, 0.25375, 0.50375, 0.49625, 0.50375
Fronds
0.498125, 0.99625, 0.376875, 0.99625, 0.376875, 0.75375, 0.498125, 0.75375
Billboards
lc_tundra-lowbrush_SHRUB.spt
Leaves
0.74625, 0.74625, 0.50375, 0.74625, 0.50375, 0.50375, 0.74625, 0.50375
Fronds
0.623125, 0.99625, 0.501875, 0.99625, 0.501875, 0.75375, 0.623125, 0.75375
Billboards
lc_tundra-NorwaySpruce_TREE.spt
Leaves
0.99625, 0.24625, 0.75375, 0.24625, 0.75375, 0.00375, 0.99625, 0.00375
0.24625, 0.99625, 0.00375, 0.99625, 0.00375, 0.75375, 0.24625, 0.75375
Fronds
0.999062, 0.99625, 0.938438, 0.99625, 0.938438, 0.75375, 0.999062, 0.75375
Billboards
0.207417, 0.993604, 0.10606, 0.993604, 0.10606, 0.832568, 0.207417, 0.832568
0.918355, 0.329541, 0.816997, 0.329541, 0.816997, 0.168506, 0.918355, 0.168506
0.102925, 0.993604, 0.00156738, 0.993604, 0.00156738, 0.832568, 0.102925, 0.832568
0.573628, 0.827588, 0.472271, 0.827588, 0.472271, 0.666553, 0.573628, 0.666553
0.724995, 0.661572, 0.623638, 0.661572, 0.623638, 0.500537, 0.724995, 0.500537
0.785542, 0.495557, 0.684185, 0.495557, 0.684185, 0.334521, 0.785542, 0.334521
0.469136, 0.827588, 0.367778, 0.827588, 0.367778, 0.666553, 0.469136, 0.666553
0.813862, 0.329541, 0.712505, 0.329541, 0.712505, 0.168506, 0.813862, 0.168506
lc_tundra-thicket_SHRUB.spt
Leaves
0.873125, 0.873125, 0.751875, 0.873125, 0.751875, 0.751875, 0.873125, 0.751875
Fronds
0.748125, 0.99625, 0.626875, 0.99625, 0.626875, 0.75375, 0.748125, 0.75375
Billboards
