Group	Yang_bag1
{
	Vnum	30094
	1	19	1	100
}

Group	Yang_bag2
{
	Vnum	30095
	1	19	1	100
}

Group	Yang_bag3
{
	Vnum	30096
	1	19	1	100
}

Group	Socks_chest
{
	Vnum	78109
	1	78201	3	100
	2	78202	3	100
	3	78203	3	100
	4	78204	3	100
}

Group	Christmas_chest
{
	Vnum	78108
	1	30524	4	100
	2	30614	4	100
	3	30512	4	100
	4	30282	4	100
	5	30283	4	100
	6	30602	4	100
	7	30525	4	100
	8	30615	4	100
	9	30610	4	100
	10	30618	4	100
	11	30617	4	100
	12	164408	4	100
	13	164409	4	100
	14	164410	4	100
	15	164411	4	100
	16	164412	4	100
	17	30274	2	100
	18	30273	2	100
	19	30275	2	100
	20	30276	2	100
	21	86062	1	100
	22	84999	1	100
	23	70401	1	100
}

Group	easter_chest
{
	Vnum	30893
	1	40143	1	5
	2	84999	1	5
	3	86062	1	5
	4	70401	1	5
	5	86053	1	5
	6	86054	1	5
	7	86055	1	5
	8	30278	1	5
	9	30280	1	5
	10	86075	1	5
	11	164402	5	5
	12	88980	8	5
	13	71057	1	5
	14	56001	1	5
	15	70402	1	5
	16	70403	1	5
	17	50259	3	5
	18	27992	3	5
	19	27993	3	5
	20	27994	3	5
}

Group	Forziere_Costume_Arma
{
	Vnum	78101
	1	49061	1	100
	2	49062	1	100
	3	49063	1	100
	4	49064	1	100
	5	49065	1	100
	6	49066	1	100
	7	49081	1	100
	8	49082	1	100
	9	49083	1	100
	10	49084	1	100
	11	49085	1	100
	12	49086	1	100
	13	49101	1	100
	14	49102	1	100
	15	49103	1	100
	16	49104	1	100
	17	49105	1	100
	18	49106	1	100
	19	49121	1	100
	20	49122	1	100
	21	49123	1	100
	22	49124	1	100
	23	49125	1	100
	24	49126	1	100
}

Group	Forziere_Costume_Armatura
{
	Vnum	78102
	1	49067	1	100
	2	49068	1	100
	3	49087	1	100
	4	49088	1	100
	5	49107	1	100
	6	49108	1	100
	7	49127	1	100
	8	49128	1	100
}

Group	Forziere_Costume_Capigliatura
{
	Vnum	78103
	1	49909	1	100
	2	49910	1	100
	3	49913	1	100
	4	49914	1	100
	5	49917	1	100
	6	49918	1	100
	7	49921	1	100
	8	49922	1	100
}

Group	Forziere_Costume_Stola
{
	Vnum	78104
	1	85128	1	100
	2	85136	1	100
	3	85144	1	100
	4	85152	1	100
}

Group	Forziere_Cavalcatura
{
	Vnum	78105
	1	60002	1	100
	2	60004	1	100
}

Group	Forziere_Pet
{
	Vnum	78106
	1	60102	1	100
	2	60104	1	100
}

Group	Forziere_Effetti
{
	Vnum	78107
	1	78004	1	100
	2	78006	1	100
	3	78008	1	100
	4	78010	1	100
	5	78012	1	100
	6	78014	1	100
}

Group	Baule_Lega_d_Oro_1_Posto
{
	Vnum	10960
	1	70401	5	1
	2	70401	10	1
	3	84999	3	1
	4	84999	6	1
	5	86062	4	1
	6	86062	8	1
	7	39077	1	1
	8	39078	1	1
	9	50066	1	1
	10	72320	4	1
	11	86060	100	1
	12	86060	150	1
	13	86051	3	1
	14	86051	6	1
	15	39076	1	1
}

Group	Baule_Lega_d_Argento_1_Posto
{
	Vnum	10961
	1	71084	100	1
	2	71084	200	1
	3	70401	2	1
	4	70401	4	1
	5	86062	1	1
	6	86062	2	1
	7	164407	1	1
	8	70613	1	1
	9	50926	4	1
	10	39070	1	1
	11	39066	1	1
	12	39067	1	1
}

Group	Baule_Lega_d_Bronzo_1_Posto
{
	Vnum	10962
	1	71084	25	1
	2	71084	50	1
	3	71084	75	1
	4	25040	2	1
	5	25040	4	1
	6	39068	1	1
	7	39065	1	1
	8	39070	1	1
}

Group	Baule_Lega_d_Oro_2_Posto
{
	Vnum	10963
	1	70401	4	1
	2	70401	8	1
	3	84999	2	1
	4	84999	4	1
	5	86062	3	1
	6	86062	6	1
	7	39080	1	1
	8	39081	1	1
	9	50066	1	1
	10	72320	3	1
	11	86060	50	1
	12	86060	100	1
	13	86051	2	1
	14	86051	4	1
	15	39079	1	1
}

Group	Baule_Lega_d_Argento_2_Posto
{
	Vnum	10964
	1	71084	80	1
	2	71084	160	1
	3	70401	1	1
	4	70401	2	1
	5	86062	1	1
	6	164407	1	1
	7	70613	1	1
	8	50926	2	1
	9	25040	4	1
	10	39072	1	1
	11	39073	1	1
	12	39074	1	1
}

Group	Baule_Lega_d_Bronzo_1_Posto
{
	Vnum	10965
	1	71084	15	1
	2	71084	30	1
	3	71084	45	1
	4	25040	1	1
	5	25040	2	1
	6	39069	1	1
	7	39068	1	1
	8	39065	1	1
}

Group	Baule_Lega_d_Oro_3_Posto
{
	Vnum	10966
	1	70401	3	1
	2	70401	6	1
	3	84999	1	1
	4	84999	2	1
	5	86062	2	1
	6	86062	4	1
	7	39082	1	1
	8	39083	1	1
	9	50066	1	1
	10	72320	2	1
	11	86060	40	1
	12	86060	80	1
	13	86051	1	1
	14	86051	2	1
	15	39067	1	1
}

Group	Baule_Lega_d_Argento_3_Posto
{
	Vnum	10967
	1	71084	70	1
	2	71084	140	1
	3	70401	1	1
	4	86062	1	1
	5	50926	1	1
	6	25040	1	1
	7	25040	2	1
	8	39065	1	1
	9	39070	1	1
	10	39075	1	1
}

Group	Baule_Lega_d_Bronzo_3_Posto
{
	Vnum	10968
	1	71084	10	1
	2	71084	15	1
	3	71084	20	1
	4	25040	1	1
	5	25040	2	1
	6	39071	1	1
	7	39069	1	1
	8	39068	1	1
}

Group	CufarulPietrelor
{
	Vnum	50067
	1	28330	1	100
	2	28331	1	100
	3	28332	1	100
	4	28333	1	100
	5	28334	1	100
	6	28335	1	100
	7	28336	1	100
	8	28337	1	100
	9	28338	1	100
	10	28339	1	100
	11	28340	1	100
	12	28341	1	100
	13	28342	1	100
	14	28343	1	100
}

Group	Baule_Mahon
{
	Vnum	50138
	1	17106	1	100
	2	16106	1	100
	3	14106	1	100
	4	15106	1	100
}

Group	Baule_Bo
{
	Vnum	50139
	1	17106	1	100
	2	16106	1	100
	3	14106	1	100
	4	15106	1	100
}

Group	Baule_Goo-Pae
{
	Vnum	50140
	1	17106	1	100
	2	16106	1	100
	3	14106	1	100
	4	15106	1	100
}

Group	Baule_Chuong
{
	Vnum	50141
	1	17106	1	100
	2	16106	1	100
	3	14106	1	100
	4	15106	1	100
}

Group	Baule_Comandante_Brutale
{
	Vnum	50142
	1	17106	1	100
	2	16106	1	100
	3	14106	1	100
	4	15106	1	100
}

Group	BauleCapoOrco
{
	Vnum	50070
	1	70401	1	130
	2	50926	3	90
	3	72044	1	80
	4	86075	1	130
	5	72320	1	95
	6	11256	1	50
	7	11656	1	50
	8	11456	1	50
	9	11856	1	50
	10	14164	1	50
	11	14184	1	50
	12	17164	1	50
	13	17184	1	50
	14	16164	1	50
	15	16184	1	50
	16	15144	1	50
	17	15164	1	50
	18	15124	1	50
	19	70401	2	100
	20	86075	2	100
}

Group	BauleTigreGialla
{
	Vnum	50078
	1	70401	1	130
	2	50926	3	90
	3	72044	1	80
	4	86075	1	130
	5	72320	1	95
	6	11256	1	50
	7	11656	1	50
	8	11456	1	50
	9	11856	1	50
	10	14164	1	50
	11	14184	1	50
	12	17164	1	50
	13	17184	1	50
	14	16164	1	50
	15	16184	1	50
	16	15144	1	50
	17	15164	1	50
	18	15124	1	50
	19	70401	2	100
	20	86075	2	100
}

Group	CapobandaOscuro
{
	Vnum	50071
	1	70401	1	130
	2	50926	3	90
	3	72044	1	80
	4	86075	1	130
	5	72320	1	95
	6	11256	1	50
	7	11656	1	50
	8	11456	1	50
	9	11856	1	50
	10	14164	1	50
	11	14184	1	50
	12	17164	1	50
	13	17184	1	50
	14	16164	1	50
	15	16184	1	50
	16	15144	1	50
	17	15164	1	50
	18	15124	1	50
	19	70401	2	100
	20	86075	2	100
}

Group	BauleTartaruga
{
	Vnum	50076
	1	70401	1	130
	2	50926	3	90
	3	72044	1	80
	4	86075	1	130
	5	72320	1	95
	6	11264	1	50
	7	11664	1	50
	8	11464	1	50
	9	11864	1	50
	10	16204	1	50
	11	17204	1	50
	12	14204	1	50
	13	15184	1	50
	14	15204	1	50
	15	15224	1	50
	16	14205	1	40
	17	16205	1	40
	18	17205	1	40
	19	70401	2	100
	20	86075	2	100
}

Group	BauleNoveCode
{
	Vnum	50077
	1	70401	1	130
	2	50926	3	90
	3	72044	1	80
	4	86075	1	130
	5	72320	1	95
	6	11274	1	50
	7	11674	1	50
	8	11474	1	50
	9	11874	1	50
	10	16204	1	50
	11	17204	1	50
	12	14204	1	50
	13	15184	1	50
	14	15204	1	50
	15	15224	1	50
	16	14205	1	40
	17	16205	1	40
	18	17205	1	40
	19	70401	2	100
	20	86075	2	100
}

Group	BauleReFiamma
{
	Vnum	50079
	1	70401	1	130
	2	50926	3	90
	3	72044	1	80
	4	86075	1	130
	5	72320	1	95
	6	11284	1	50
	7	11684	1	50
	8	11484	1	50
	9	11884	1	50
	10	16204	1	50
	11	17204	1	50
	12	14204	1	50
	13	15184	1	50
	14	15204	1	50
	15	15224	1	50
	16	14205	1	40
	17	16205	1	40
	18	17205	1	40
	19	70401	2	100
	20	86075	2	100
}

Group	BauleDragoRosso
{
	Vnum	50080
	1	86051	1	100
	2	86051	2	60
	3	86062	1	100
	4	86062	2	60
	5	84999	1	100
	6	84999	2	60
}

Group	BauleReginaRagno
{
	Vnum	50073
	1	70401	1	130
	2	50926	3	90
	3	72044	1	80
	4	86075	1	130
	5	72320	1	95
	6	70401	2	100
	7	86075	2	100
	8	13060	1	100
	9	13063	1	80
	10	13080	1	100
	11	13083	1	80
	12	13100	1	100
	13	13103	1	80
	14	13120	1	100
	15	13123	1	80
	16	16204	1	50
	17	17204	1	50
	18	14204	1	50
	19	16104	1	50
}

Group	Baule_Grande_Albero_Fantasma
{
	Vnum	50081
	1	160	1	100
	2	140	1	100
	3	150	1	100
	4	240	1	100
	5	3130	1	100
	6	3140	1	100
	7	2130	1	100
	8	2140	1	100
	9	1100	1	100
	10	1110	1	100
	11	7140	1	100
	12	7130	1	100
	13	5100	1	100
	14	5090	1	100
	15	70401	2	100
	16	50926	3	100
	17	72044	1	100
	18	86075	1	130
	19	72320	1	100
	20	70401	3	100
	21	86075	2	100
	22	17149	1	100
	23	14149	1	100
	24	16149	1	100
}

Group	Baule_Lord_Albero_Fantasma
{
	Vnum	50069
	1	11290	1	100
	2	11690	1	100
	3	11890	1	100
	4	11490	1	100
	5	15204	1	50
	6	16204	1	50
	7	17204	1	50
	8	14204	1	50
	9	15184	1	50
	10	15224	1	50
	11	14205	1	40
	12	16205	1	40
	13	17205	1	40
	14	70401	2	130
	15	70401	3	90
	16	72044	1	80
	17	86075	1	130
	18	50926	3	100
	19	72320	1	100
}

Group	Scrigno_dell_oscurità
{
	Vnum	50254
	1	70401	4	10
	2	70401	6	10
	3	86075	1	10
	4	86075	2	10
	5	50926	4	10
	6	72320	1	10
	7	30516	2	10
	8	30612	2	10
	9	30587	2	10
	10	30505	2	10
}

Group	Baule_Sovrano_En_Tai
{
	Vnum	50285
	1	70401	4	130
	2	70401	6	90
	3	86075	1	130
	4	86075	2	95
	5	50926	6	100
	6	72320	1	100
	7	30505	1	150
	8	30516	1	150
	9	30618	1	90
	10	30279	10	130
	11	30277	5	130
}

Group	Dungeon_Orc_Maze
{
	Vnum	50072
	1	70612	1	40
	2	86075	1	30
	3	86062	1	30
	4	10954	1	65
	5	10955	1	65
	6	10956	1	65
	7	10957	1	65
	8	10958	1	65
	9	10959	1	65
}

Group	Dungeon_Slime
{
	Vnum	50075
	1	70612	1	40
	2	86075	1	30
	3	86062	1	30
	4	10954	1	65
	5	10955	1	65
	6	10956	1	65
	7	10957	1	65
	8	10958	1	65
	9	10959	1	65
}

Group	Dungeon_Baronesa
{
	Vnum	50074
	1	70612	1	40
	2	86075	1	30
	3	86062	1	30
	4	10954	1	65
	5	10955	1	65
	6	10956	1	65
	7	10957	1	65
	8	10958	1	65
	9	10959	1	65
	10	15430	1	50
	11	15370	1	50
	12	15390	1	50
	13	15410	1	50
}

Group	Baule_Torre_Demoni
{
	Vnum	50082
	1	170	1	30
	2	3150	1	30
	3	2180	1	30
	4	1120	1	30
	5	7150	1	30
	6	250	1	30
	7	180	1	55
	8	3160	1	55
	9	190	1	55
	10	2170	1	55
	11	1130	1	55
	12	5120	1	55
	13	12260	1	70
	14	12530	1	70
	15	12390	1	70
	16	12670	1	70
}

Group	Baule_Azrael
{
	Vnum	50097
	1	14220	1	100
	2	16220	1	100
	3	17220	1	100
	4	13160	1	100
	5	30277	20	100
	6	86075	2	100
	7	30279	20	100
}

Group	Baule_Beran
{
	Vnum	50098
	1	70402	1	15
	2	70403	1	15
	3	86075	2	15
	4	84999	2	15
	5	86050	1	25
	6	86052	1	15
}

Group	Baule_Strega_di_Ghiaccio
{
	Vnum	50065
	1	70604	1	25
	2	70404	1	25
	3	70605	1	25
	4	70606	1	25
}

Group	Baule_Nemere
{
	Vnum	50064
	1	30283	2	80
	2	30602	2	120
	3	30525	2	120
	4	30615	2	120
}

Group	Baule_Razador
{
	Vnum	50063
	1	30524	2	120
	2	30614	2	120
	3	30512	2	120
	4	30282	2	80
}

Group	Baule_Forte_Principe_Ochao
{
	Vnum	50204
	1	30618	2	100
	2	30617	2	100
	3	164408	2	80
}

Group	Baule_Jotun_Thrym
{
	Vnum	50266
	1	30618	2	25
	2	30617	2	25
	3	164408	2	25
}

Group	Baule_di_Idra
{
	Vnum	50203
	1	164409	3	100
	2	164410	3	100
	3	164411	3	100
	4	164412	3	100
}

Group	Baule_delle_piramidi
{
	Vnum	30806
	1	164409	3	100
	2	164410	3	100
	3	164411	3	100
	4	164412	3	100
}

Group	Baule_Meley1
{
	Vnum	50270
	1	50926	20	20
	2	50926	50	130
	3	50926	100	100
	4	50926	150	70
	5	50926	200	50
	6	50926	250	40
	7	50926	300	20
}

Group	Baule_Meley2
{
	Vnum	50271
	1	50259	10	12
	2	86051	6	12
	3	86053	2	12
	4	86054	2	12
	5	86055	2	12
	6	40144	1	12
	7	40143	1	12
	8	84999	2	12
	9	86062	5	12
}

Group	Baule_rune_Haru
{
	Vnum	50100
	1	88980	20	130
	2	88980	30	110
	3	88980	50	90
	4	88980	60	80
	5	88980	70	60
	6	88980	90	50
}

Group	Baule_rune_Buncho
{
	Vnum	50102
	1	88980	50	120
	2	88980	70	120
	3	88980	100	80
	4	88980	130	80
	5	88980	160	50
	6	88980	200	50
}

Group	Baule_rune_Eien
{
	Vnum	50101
	1	88980	120	120
	2	88980	150	120
	3	88980	160	80
	4	88980	180	80
	5	88980	200	50
	6	88980	250	50
}

Group	Cassa_con_Libri_del_pet
{
	Vnum	55009
	1	55010	1	100
	2	55011	1	100
	3	55012	1	100
	4	55013	1	100
	5	55014	1	100
	6	55015	1	100
	7	55016	1	100
	8	55017	1	100
	9	55018	1	100
	10	55019	1	100
	11	55020	1	100
	12	55021	1	100
	13	86076	1	5
	14	86077	1	5
}

Group	Baule_Elementale
{
	Vnum	50099
	1	30255	1	80
	2	30256	1	80
	3	30257	1	80
	4	30258	1	80
	5	30259	1	80
	6	30260	1	80
	7	86067	2	50
	8	33031	2	120
}

Group	Baule_Prezioso_skin_stola
{
	Vnum	50066
	1	85019	1	95
	2	85023	1	95
	3	85027	1	95
	4	85031	1	95
	5	85035	1	95
	6	85039	1	95
	7	85043	1	95
	8	85047	1	95
	9	85051	1	95
	10	85055	1	95
	11	85059	1	95
	12	85063	1	95
	13	85067	1	95
	14	70404	1	40
	15	70065	1	65
	16	84999	4	80
	17	84999	8	35
}

Group	Baule_Boss_Ninja
{
	Vnum	71204
	1	50431	10	4
	2	50432	10	3
	3	50433	10	3
	4	50434	10	3
	5	50435	10	4
	6	50436	10	3
	7	50446	10	3
	8	50447	10	3
	9	50448	10	4
	10	50449	10	3
	11	50450	10	4
	12	50451	10	3
}

Group	Baule_Boss_Sura
{
	Vnum	71205
	1	50476	10	3
	2	50477	10	3
	3	50478	10	4
	4	50479	10	4
	5	50480	10	3
	6	50481	10	3
	7	50461	10	3
	8	50462	10	3
	9	50463	10	4
	10	50464	10	3
	11	50465	10	4
	12	50466	10	3
}

Group	Baule_Boss_Shamamo
{
	Vnum	71206
	1	50491	10	3
	2	50492	10	3
	3	50493	10	3
	4	50494	10	4
	5	50495	10	3
	6	50496	10	4
	7	50506	10	3
	8	50507	10	3
	9	50508	10	3
	10	50509	10	4
	11	50510	10	3
	12	50511	10	4
}

Group	Baule_delle_Passive
{
	Vnum	50323
	1	50516	1	100
	2	50517	1	100
	3	50518	1	100
	4	50519	1	100
	5	50520	1	100
	6	50521	1	100
	7	50522	1	100
	8	50523	1	100
}

Group	Baule_delle_Boost
{
	Vnum	50324
	1	50560	1	100
	2	50561	1	100
	3	50562	1	100
	4	50563	1	100
	5	50564	1	100
	6	50565	1	100
	7	50566	1	100
	8	50567	1	100
}

Group	Baule_delle_Abilità
{
	Vnum	50143
	1	50333	1	55
	2	50334	1	100
	3	50335	1	45
	4	50336	1	80
}

Group	Lilith_Chest
{
	Vnum	48701
	1	48611	1	80
	2	48612	1	80
	3	48613	1	80
	4	48614	1	80
	5	48615	1	80
	6	48616	1	80
	7	48621	1	80
	8	48622	1	80
	9	48623	1	80
	10	48624	1	80
	11	48625	1	80
	12	48626	1	80
	13	48511	1	80
	14	48512	1	80
	15	48521	1	80
	16	48522	1	80
	17	85092	1	80
	18	85096	1	80
	19	70604	1	70
	20	70605	1	80
	21	70606	1	50
	22	86062	1	70
	23	70402	1	90
	24	70403	1	1
	25	84999	1	50
}

Group	Agares_Chest
{
	Vnum	48706
	1	48611	1	70
	2	48612	1	70
	3	48613	1	70
	4	48614	1	70
	5	48615	1	70
	6	48616	1	70
	7	48621	1	70
	8	48622	1	70
	9	48623	1	70
	10	48624	1	70
	11	48625	1	70
	12	48626	1	70
	13	48511	1	70
	14	48512	1	70
	15	48521	1	70
	16	48522	1	70
	17	85092	1	70
	18	85096	1	70
	19	70604	1	70
	20	70605	1	80
	21	70606	1	50
	22	86062	1	70
	23	70402	1	90
	24	70403	1	1
	25	84999	1	50
}

Group	Agares_Call
{
	Vnum 48707
	1	mob	4203	1
}

Group	Chest_Stones
{
	Vnum	71057
	1	28530	4	100
	2	28531	4	100
	3	28532	4	100
	4	28533	4	100
	5	28534	4	100
	6	28535	4	100
	7	28536	4	100
	8	28537	4	100
	9	28538	4	100
	10	28539	4	100
	11	28540	4	100
	12	28541	4	100
	13	28542	4	100
	14	28543	4	100
}
Group	Cufere_Clar_Luna
{
	Vnum	50011
	1	71124	1	3
	2	27987	1	100	
	3	50259	1	10
	4	70401	3	100
	5	70402	1	3
	6	30277	2	100
	7	30279	2	100
	8	55405	1	2
	9	27992	1	100
	10	27993	1	100
	11	27994	1	100
	12	86075	1	20
	13	71084	30	100
	14	25040	3	100
	15	72320	1	100
	16	30270	5	100
}
