lc_am_us_east-white_oak_TREE.spt
Leaves
0.24625, 0.24625, 0.00375, 0.24625, 0.00375, 0.00375, 0.24625, 0.00375
Fronds
0.24625, 0.49625, 0.00375, 0.49625, 0.00375, 0.25375, 0.24625, 0.25375
Billboards
0.298525, 0.809312, 0.152646, 0.809312, 0.152646, 0.666274, 0.298525, 0.666274
0.749697, 0.440171, 0.603818, 0.440171, 0.603818, 0.297134, 0.749697, 0.297134
0.148135, 0.797593, 0.00225586, 0.797593, 0.00225586, 0.654556, 0.148135, 0.654556
0.749697, 0.29271, 0.603818, 0.29271, 0.603818, 0.149673, 0.749697, 0.149673
0.599307, 0.552476, 0.453428, 0.552476, 0.453428, 0.409438, 0.599307, 0.409438
0.448916, 0.67064, 0.303037, 0.67064, 0.303037, 0.527603, 0.448916, 0.527603
0.749697, 0.145249, 0.603818, 0.145249, 0.603818, 0.00221191, 0.749697, 0.00221191
0.298525, 0.661851, 0.152646, 0.661851, 0.152646, 0.518813, 0.298525, 0.518813
lc_am_us_east-american_beech_TREE.spt
Leaves
0.49625, 0.24625, 0.25375, 0.24625, 0.25375, 0.00375, 0.49625, 0.00375
Fronds
0.49625, 0.49625, 0.25375, 0.49625, 0.25375, 0.25375, 0.49625, 0.25375
Billboards
0.148135, 0.125049, 0.00225586, 0.125049, 0.00225586, 0.0019043, 0.148135, 0.0019043
0.148135, 0.252002, 0.00225586, 0.252002, 0.00225586, 0.128857, 0.148135, 0.128857
0.298525, 0.125049, 0.152646, 0.125049, 0.152646, 0.0019043, 0.298525, 0.0019043
0.298525, 0.252002, 0.152646, 0.252002, 0.152646, 0.128857, 0.298525, 0.128857
0.148135, 0.378955, 0.00225586, 0.378955, 0.00225586, 0.255811, 0.148135, 0.255811
0.298525, 0.378955, 0.152646, 0.378955, 0.152646, 0.255811, 0.298525, 0.255811
0.448916, 0.125049, 0.303037, 0.125049, 0.303037, 0.0019043, 0.448916, 0.0019043
0.448916, 0.252002, 0.303037, 0.252002, 0.303037, 0.128857, 0.448916, 0.128857
lc_am_us_east-american_holly_SHRUB.spt
Leaves
0.873125, 0.484941, 0.751875, 0.484941, 0.751875, 0.363691, 0.873125, 0.363691
0.373125, 0.873125, 0.251875, 0.873125, 0.251875, 0.751875, 0.373125, 0.751875
Fronds
0.811562, 0.609941, 0.750938, 0.609941, 0.750938, 0.488691, 0.811562, 0.488691
Billboards
lc_am_us_east-cinnamon_fern_SHRUB.spt
Leaves
0.24625, 0.24625, 0.00375, 0.24625, 0.00375, 0.00375, 0.24625, 0.00375
Fronds
0.499063, 0.99625, 0.438437, 0.99625, 0.438437, 0.75375, 0.499063, 0.75375
Billboards
lc_am_us_east-creeping_juniper_SHRUB.spt
Leaves
0.873125, 0.359941, 0.751875, 0.359941, 0.751875, 0.238691, 0.873125, 0.238691
0.248125, 0.873125, 0.126875, 0.873125, 0.126875, 0.751875, 0.248125, 0.751875
0.873125, 0.359941, 0.751875, 0.359941, 0.751875, 0.238691, 0.873125, 0.238691
Fronds
0.186563, 0.998125, 0.125938, 0.998125, 0.125938, 0.876875, 0.186563, 0.876875
Billboards
lc_am_us_east-RedOak_TREE.spt
Leaves
0.74625, 0.74625, 0.50375, 0.74625, 0.50375, 0.50375, 0.74625, 0.50375
0.49625, 0.74625, 0.25375, 0.74625, 0.25375, 0.50375, 0.49625, 0.50375
Fronds
0.897654, 0.233264, 0.752249, 0.233264, 0.752249, 0.00355225, 0.897654, 0.00355225
Billboards
0.148135, 0.514565, 0.00225586, 0.514565, 0.00225586, 0.382895, 0.148135, 0.382895
0.448916, 0.387612, 0.303037, 0.387612, 0.303037, 0.255942, 0.448916, 0.255942
0.298525, 0.514565, 0.152646, 0.514565, 0.152646, 0.382895, 0.298525, 0.382895
0.599307, 0.133706, 0.453428, 0.133706, 0.453428, 0.00203613, 0.599307, 0.00203613
0.599307, 0.269448, 0.453428, 0.269448, 0.453428, 0.137778, 0.599307, 0.137778
0.448916, 0.523354, 0.303037, 0.523354, 0.303037, 0.391685, 0.448916, 0.391685
0.148135, 0.650308, 0.00225586, 0.650308, 0.00225586, 0.518638, 0.148135, 0.518638
0.599307, 0.40519, 0.453428, 0.40519, 0.453428, 0.27352, 0.599307, 0.27352
lc_am_us_east-SilverMaple_TREE.spt
Leaves
0.74625, 0.49625, 0.50375, 0.49625, 0.50375, 0.25375, 0.74625, 0.25375
0.74625, 0.24625, 0.50375, 0.24625, 0.50375, 0.00375, 0.74625, 0.00375
Fronds
0.123125, 0.99625, 0.001875, 0.99625, 0.001875, 0.75375, 0.123125, 0.75375
Billboards
0.577183, 0.702822, 0.453091, 0.702822, 0.453091, 0.556943, 0.577183, 0.556943
0.426792, 0.820986, 0.3027, 0.820986, 0.3027, 0.675107, 0.426792, 0.675107
0.727573, 0.590518, 0.603481, 0.590518, 0.603481, 0.444639, 0.727573, 0.444639
0.877964, 0.148135, 0.753872, 0.148135, 0.753872, 0.00225586, 0.877964, 0.00225586
0.877964, 0.298525, 0.753872, 0.298525, 0.753872, 0.152646, 0.877964, 0.152646
0.126011, 0.947939, 0.00191895, 0.947939, 0.00191895, 0.802061, 0.126011, 0.802061
0.877964, 0.448916, 0.753872, 0.448916, 0.753872, 0.303037, 0.877964, 0.303037
0.276401, 0.959658, 0.15231, 0.959658, 0.15231, 0.813779, 0.276401, 0.813779
lc_am_us_east-BlueSpruce_TREE.spt
Leaves
0.24625, 0.74625, 0.00375, 0.74625, 0.00375, 0.50375, 0.24625, 0.50375
Fronds
0.436563, 0.99625, 0.375937, 0.99625, 0.375937, 0.75375, 0.436563, 0.75375
Billboards
0.571411, 0.850327, 0.453003, 0.850327, 0.453003, 0.70729, 0.571411, 0.70729
0.721802, 0.738022, 0.603394, 0.738022, 0.603394, 0.594985, 0.721802, 0.594985
0.421021, 0.968491, 0.302612, 0.968491, 0.302612, 0.825454, 0.421021, 0.825454
0.872192, 0.596421, 0.753784, 0.596421, 0.753784, 0.453384, 0.872192, 0.453384
0.721802, 0.885483, 0.603394, 0.885483, 0.603394, 0.742446, 0.721802, 0.742446
0.872192, 0.743882, 0.753784, 0.743882, 0.753784, 0.600845, 0.872192, 0.600845
0.571411, 0.997788, 0.453003, 0.997788, 0.453003, 0.854751, 0.571411, 0.854751
0.994263, 0.596421, 0.875854, 0.596421, 0.875854, 0.453384, 0.994263, 0.453384
