lc_am_us_central-thicket_SHRUB.spt
Leaves
0.373125, 0.873125, 0.251875, 0.873125, 0.251875, 0.751875, 0.373125, 0.751875
0.873125, 0.373125, 0.751875, 0.373125, 0.751875, 0.251875, 0.873125, 0.251875
Fronds
0.623125, 0.99625, 0.501875, 0.99625, 0.501875, 0.75375, 0.623125, 0.75375
Billboards
lc_am_us_central-BlueSpruce_TREE.spt
Leaves
0.49625, 0.24625, 0.25375, 0.24625, 0.25375, 0.00375, 0.49625, 0.00375
Fronds
0.936562, 0.99625, 0.875938, 0.99625, 0.875938, 0.75375, 0.936562, 0.75375
Billboards
0.592793, 0.836538, 0.467754, 0.836538, 0.467754, 0.685923, 0.592793, 0.685923
0.748066, 0.702749, 0.623027, 0.702749, 0.623027, 0.552134, 0.748066, 0.552134
0.43752, 0.937124, 0.31248, 0.937124, 0.31248, 0.786509, 0.43752, 0.786509
0.90334, 0.563101, 0.778301, 0.563101, 0.778301, 0.412485, 0.90334, 0.412485
0.748066, 0.858022, 0.623027, 0.858022, 0.623027, 0.707407, 0.748066, 0.707407
0.592793, 0.991812, 0.467754, 0.991812, 0.467754, 0.841196, 0.592793, 0.841196
0.90334, 0.718374, 0.778301, 0.718374, 0.778301, 0.567759, 0.90334, 0.567759
0.90334, 0.873647, 0.778301, 0.873647, 0.778301, 0.723032, 0.90334, 0.723032
lc_am_us_central-burford_holly_SHRUB.spt
Leaves
0.49625, 0.49625, 0.25375, 0.49625, 0.25375, 0.25375, 0.49625, 0.25375
0.24625, 0.74625, 0.00375, 0.74625, 0.00375, 0.50375, 0.24625, 0.50375
Fronds
0.873125, 0.74625, 0.751875, 0.74625, 0.751875, 0.50375, 0.873125, 0.50375
Billboards
lc_am_us_central-creeping_juniper_SHRUB.spt
Leaves
0.873125, 0.498125, 0.751875, 0.498125, 0.751875, 0.376875, 0.873125, 0.376875
0.498125, 0.873125, 0.376875, 0.873125, 0.376875, 0.751875, 0.498125, 0.751875
0.873125, 0.498125, 0.751875, 0.498125, 0.751875, 0.376875, 0.873125, 0.376875
Fronds
0.998125, 0.49625, 0.876875, 0.49625, 0.876875, 0.25375, 0.998125, 0.25375
Billboards
lc_am_us_central-narrow_leaved_ash_TREE.spt
Leaves
0.99625, 0.24625, 0.75375, 0.24625, 0.75375, 0.00375, 0.99625, 0.00375
0.24625, 0.99625, 0.00375, 0.99625, 0.00375, 0.75375, 0.24625, 0.75375
Fronds
0.748125, 0.99625, 0.626875, 0.99625, 0.626875, 0.75375, 0.748125, 0.75375
Billboards
0.463491, 0.236494, 0.312876, 0.236494, 0.312876, 0.120928, 0.463491, 0.120928
0.463491, 0.117354, 0.312876, 0.117354, 0.312876, 0.00178711, 0.463491, 0.00178711
0.308218, 0.355635, 0.157603, 0.355635, 0.157603, 0.240068, 0.308218, 0.240068
0.152944, 0.355635, 0.0023291, 0.355635, 0.0023291, 0.240068, 0.152944, 0.240068
0.308218, 0.236494, 0.157603, 0.236494, 0.157603, 0.120928, 0.308218, 0.120928
0.308218, 0.117354, 0.157603, 0.117354, 0.157603, 0.00178711, 0.308218, 0.00178711
0.152944, 0.236494, 0.0023291, 0.236494, 0.0023291, 0.120928, 0.152944, 0.120928
0.152944, 0.117354, 0.0023291, 0.117354, 0.0023291, 0.00178711, 0.152944, 0.00178711
lc_am_us_central-scarlet_oak_TREE.spt
Leaves
0.74625, 0.74625, 0.50375, 0.74625, 0.50375, 0.50375, 0.74625, 0.50375
0.49625, 0.74625, 0.25375, 0.74625, 0.25375, 0.50375, 0.49625, 0.50375
Fronds
0.748125, 0.99625, 0.626875, 0.99625, 0.626875, 0.75375, 0.748125, 0.75375
Billboards
0.152944, 0.491128, 0.0023291, 0.491128, 0.0023291, 0.359458, 0.152944, 0.359458
0.308218, 0.491128, 0.157603, 0.491128, 0.157603, 0.359458, 0.308218, 0.359458
0.463491, 0.371987, 0.312876, 0.371987, 0.312876, 0.240317, 0.463491, 0.240317
0.618765, 0.133706, 0.468149, 0.133706, 0.468149, 0.00203613, 0.618765, 0.00203613
0.618765, 0.269448, 0.468149, 0.269448, 0.468149, 0.137778, 0.618765, 0.137778
0.463491, 0.507729, 0.312876, 0.507729, 0.312876, 0.37606, 0.463491, 0.37606
0.152944, 0.62687, 0.0023291, 0.62687, 0.0023291, 0.4952, 0.152944, 0.4952
0.308218, 0.62687, 0.157603, 0.62687, 0.157603, 0.4952, 0.308218, 0.4952
lc_am_us_central-silver_maple_TREE.spt
Leaves
0.74625, 0.49625, 0.50375, 0.49625, 0.50375, 0.25375, 0.74625, 0.25375
0.74625, 0.24625, 0.50375, 0.24625, 0.50375, 0.00375, 0.74625, 0.00375
Fronds
0.998125, 0.74625, 0.876875, 0.74625, 0.876875, 0.50375, 0.998125, 0.50375
Billboards
0.463491, 0.782129, 0.312876, 0.782129, 0.312876, 0.649512, 0.463491, 0.649512
0.618765, 0.681543, 0.468149, 0.681543, 0.468149, 0.548926, 0.618765, 0.548926
0.774038, 0.547754, 0.623423, 0.547754, 0.623423, 0.415137, 0.774038, 0.415137
0.152944, 0.90127, 0.0023291, 0.90127, 0.0023291, 0.768652, 0.152944, 0.768652
0.929312, 0.134668, 0.778696, 0.134668, 0.778696, 0.00205078, 0.929312, 0.00205078
0.308218, 0.90127, 0.157603, 0.90127, 0.157603, 0.768652, 0.308218, 0.768652
0.929312, 0.271387, 0.778696, 0.271387, 0.778696, 0.13877, 0.929312, 0.13877
0.929312, 0.408105, 0.778696, 0.408105, 0.778696, 0.275488, 0.929312, 0.275488
lc_am_us_central-sorrel_tree_TREE.spt
Leaves
0.24625, 0.49625, 0.00375, 0.49625, 0.00375, 0.25375, 0.24625, 0.25375
0.24625, 0.24625, 0.00375, 0.24625, 0.00375, 0.00375, 0.24625, 0.00375
Fronds
0.873125, 0.99625, 0.751875, 0.99625, 0.751875, 0.75375, 0.873125, 0.75375
Billboards
0.774038, 0.411021, 0.623423, 0.411021, 0.623423, 0.277456, 0.774038, 0.277456
0.308218, 0.764536, 0.157603, 0.764536, 0.157603, 0.630972, 0.308218, 0.630972
0.774038, 0.273325, 0.623423, 0.273325, 0.623423, 0.139761, 0.774038, 0.139761
0.152944, 0.764536, 0.0023291, 0.764536, 0.0023291, 0.630972, 0.152944, 0.630972
0.774038, 0.13563, 0.623423, 0.13563, 0.623423, 0.00206543, 0.774038, 0.00206543
0.618765, 0.54481, 0.468149, 0.54481, 0.468149, 0.411245, 0.618765, 0.411245
0.463491, 0.645396, 0.312876, 0.645396, 0.312876, 0.511831, 0.463491, 0.511831
0.618765, 0.407114, 0.468149, 0.407114, 0.468149, 0.27355, 0.618765, 0.27355
