lc_as_temp_humid-Agarwood_TREE.spt
Leaves
0.24625, 0.24625, 0.00375, 0.24625, 0.00375, 0.00375, 0.24625, 0.00375
0.24625, 0.49625, 0.00375, 0.49625, 0.00375, 0.25375, 0.24625, 0.25375
Fronds
0.873125, 0.49625, 0.751875, 0.49625, 0.751875, 0.25375, 0.873125, 0.25375
Billboards
0.128896, 0.992832, 0.00196289, 0.992832, 0.00196289, 0.845059, 0.128896, 0.845059
0.585928, 0.862949, 0.458994, 0.862949, 0.458994, 0.715176, 0.585928, 0.715176
0.433584, 0.941074, 0.30665, 0.941074, 0.30665, 0.793301, 0.433584, 0.793301
0.738271, 0.759434, 0.611338, 0.759434, 0.611338, 0.61166, 0.738271, 0.61166
0.883779, 0.60709, 0.756846, 0.60709, 0.756846, 0.459316, 0.883779, 0.459316
0.869131, 0.759434, 0.742197, 0.759434, 0.742197, 0.61166, 0.869131, 0.61166
0.738271, 0.911777, 0.611338, 0.911777, 0.611338, 0.764004, 0.738271, 0.764004
0.869131, 0.911777, 0.742197, 0.911777, 0.742197, 0.764004, 0.869131, 0.764004
lc_as_temp_humid-banana_tree_SHRUB.spt
Leaves
0.49625, 0.24625, 0.25375, 0.24625, 0.25375, 0.00375, 0.49625, 0.00375
Fronds
0.498125, 0.99625, 0.376875, 0.99625, 0.376875, 0.75375, 0.498125, 0.75375
Billboards
lc_as_temp_humid-creeping_juniper_SHRUB.spt
Leaves
0.49625, 0.49625, 0.25375, 0.49625, 0.25375, 0.25375, 0.49625, 0.25375
0.24625, 0.74625, 0.00375, 0.74625, 0.00375, 0.50375, 0.24625, 0.50375
0.49625, 0.49625, 0.25375, 0.49625, 0.25375, 0.25375, 0.49625, 0.25375
Fronds
0.623125, 0.99625, 0.501875, 0.99625, 0.501875, 0.75375, 0.623125, 0.75375
Billboards
lc_as_temp_humid-japanese_stewartia_TREE.spt
Leaves
0.74625, 0.24625, 0.50375, 0.24625, 0.50375, 0.00375, 0.74625, 0.00375
0.74625, 0.49625, 0.50375, 0.49625, 0.50375, 0.25375, 0.74625, 0.25375
Fronds
0.873125, 0.74625, 0.751875, 0.74625, 0.751875, 0.50375, 0.873125, 0.50375
Billboards
0.603242, 0.405918, 0.459258, 0.405918, 0.459258, 0.258145, 0.603242, 0.258145
0.146211, 0.688145, 0.00222656, 0.688145, 0.00222656, 0.540371, 0.146211, 0.540371
0.450898, 0.636387, 0.306914, 0.636387, 0.306914, 0.488613, 0.450898, 0.488613
0.298555, 0.713535, 0.15457, 0.713535, 0.15457, 0.565762, 0.298555, 0.565762
0.755586, 0.150059, 0.611602, 0.150059, 0.611602, 0.00228516, 0.755586, 0.00228516
0.603242, 0.558262, 0.459258, 0.558262, 0.459258, 0.410488, 0.603242, 0.410488
0.755586, 0.302402, 0.611602, 0.302402, 0.611602, 0.154629, 0.755586, 0.154629
0.755586, 0.454746, 0.611602, 0.454746, 0.611602, 0.306973, 0.755586, 0.306973
lc_as_temp_humid-kousa_dogwood_TREE.spt
Leaves
0.74625, 0.74625, 0.50375, 0.74625, 0.50375, 0.50375, 0.74625, 0.50375
Fronds
0.99625, 0.24625, 0.75375, 0.24625, 0.75375, 0.00375, 0.99625, 0.00375
Billboards
0.454746, 0.22855, 0.306973, 0.22855, 0.306973, 0.104458, 0.454746, 0.104458
0.302402, 0.433628, 0.154629, 0.433628, 0.154629, 0.309536, 0.302402, 0.309536
0.454746, 0.356479, 0.306973, 0.356479, 0.306973, 0.232388, 0.454746, 0.232388
0.150059, 0.536167, 0.00228516, 0.536167, 0.00228516, 0.412075, 0.150059, 0.412075
0.60709, 0.126011, 0.459316, 0.126011, 0.459316, 0.00191895, 0.60709, 0.00191895
0.302402, 0.561558, 0.154629, 0.561558, 0.154629, 0.437466, 0.302402, 0.437466
0.454746, 0.484409, 0.306973, 0.484409, 0.306973, 0.360317, 0.454746, 0.360317
0.60709, 0.25394, 0.459316, 0.25394, 0.459316, 0.129849, 0.60709, 0.129849
lc_as_temp_humid-narrow_leaved_ash_SHRUB.spt
Leaves
0.49625, 0.74625, 0.25375, 0.74625, 0.25375, 0.50375, 0.49625, 0.50375
Fronds
0.998125, 0.49625, 0.876875, 0.49625, 0.876875, 0.25375, 0.998125, 0.25375
Billboards
lc_as_temp_humid-queen_palm_TREE.spt
Leaves
0.24625, 0.24625, 0.00375, 0.24625, 0.00375, 0.00375, 0.24625, 0.00375
0.24625, 0.24625, 0.00375, 0.24625, 0.00375, 0.00375, 0.24625, 0.00375
Fronds
0.748125, 0.99625, 0.626875, 0.99625, 0.626875, 0.75375, 0.748125, 0.75375
Billboards
0.143325, 0.840488, 0.00218262, 0.840488, 0.00218262, 0.692715, 0.143325, 0.692715
0.448013, 0.78873, 0.30687, 0.78873, 0.30687, 0.640957, 0.448013, 0.640957
0.600356, 0.710605, 0.459214, 0.710605, 0.459214, 0.562832, 0.600356, 0.562832
0.295669, 0.865879, 0.154526, 0.865879, 0.154526, 0.718105, 0.295669, 0.718105
0.901138, 0.150059, 0.759995, 0.150059, 0.759995, 0.00228516, 0.901138, 0.00228516
0.7527, 0.60709, 0.611558, 0.60709, 0.611558, 0.459316, 0.7527, 0.459316
0.901138, 0.302402, 0.759995, 0.302402, 0.759995, 0.154629, 0.901138, 0.154629
0.901138, 0.454746, 0.759995, 0.454746, 0.759995, 0.306973, 0.901138, 0.306973
lc_as_temp_humid-queens_crepe_myrtle_TREE.spt
Leaves
0.373125, 0.873125, 0.251875, 0.873125, 0.251875, 0.751875, 0.373125, 0.751875
0.373125, 0.873125, 0.251875, 0.873125, 0.251875, 0.751875, 0.373125, 0.751875
0.373125, 0.873125, 0.251875, 0.873125, 0.251875, 0.751875, 0.373125, 0.751875
Fronds
0.0615625, 0.998125, 0.0009375, 0.998125, 0.0009375, 0.876875, 0.0615625, 0.876875
Billboards
0.150059, 0.408618, 0.00228516, 0.408618, 0.00228516, 0.309155, 0.150059, 0.309155
0.454746, 0.101001, 0.306973, 0.101001, 0.306973, 0.00153809, 0.454746, 0.00153809
0.302402, 0.306079, 0.154629, 0.306079, 0.154629, 0.206616, 0.302402, 0.206616
0.150059, 0.306079, 0.00228516, 0.306079, 0.00228516, 0.206616, 0.150059, 0.206616
0.302402, 0.20354, 0.154629, 0.20354, 0.154629, 0.104077, 0.302402, 0.104077
0.302402, 0.101001, 0.154629, 0.101001, 0.154629, 0.00153809, 0.302402, 0.00153809
0.150059, 0.20354, 0.00228516, 0.20354, 0.00228516, 0.104077, 0.150059, 0.104077
0.150059, 0.101001, 0.00228516, 0.101001, 0.00228516, 0.00153809, 0.150059, 0.00153809
lc_as_temp_humid-thicket_SHRUB.spt
Leaves
0.248125, 0.873125, 0.126875, 0.873125, 0.126875, 0.751875, 0.248125, 0.751875
0.123125, 0.873125, 0.001875, 0.873125, 0.001875, 0.751875, 0.123125, 0.751875
Fronds
0.998125, 0.74625, 0.876875, 0.74625, 0.876875, 0.50375, 0.998125, 0.50375
Billboards
