lc_as_temp_s_arid-BristleCone_TREE.spt
Leaves
0.24625, 0.24625, 0.00375, 0.24625, 0.00375, 0.00375, 0.24625, 0.00375
0.24625, 0.49625, 0.00375, 0.49625, 0.00375, 0.25375, 0.24625, 0.25375
Fronds
0.24625, 0.24625, 0.00375, 0.24625, 0.00375, 0.00375, 0.24625, 0.00375
Billboards
0.163525, 0.123125, 0.00249023, 0.123125, 0.00249023, 0.001875, 0.163525, 0.001875
0.163525, 0.248125, 0.00249023, 0.248125, 0.00249023, 0.126875, 0.163525, 0.126875
0.329541, 0.123125, 0.168506, 0.123125, 0.168506, 0.001875, 0.329541, 0.001875
0.329541, 0.248125, 0.168506, 0.248125, 0.168506, 0.126875, 0.329541, 0.126875
0.163525, 0.373125, 0.00249023, 0.373125, 0.00249023, 0.251875, 0.163525, 0.251875
0.329541, 0.373125, 0.168506, 0.373125, 0.168506, 0.251875, 0.329541, 0.251875
0.495557, 0.123125, 0.334521, 0.123125, 0.334521, 0.001875, 0.495557, 0.001875
0.495557, 0.248125, 0.334521, 0.248125, 0.334521, 0.126875, 0.495557, 0.126875
lc_as_temp_s_arid-carolina_buckthorn_SHRUB.spt
Leaves
0.49625, 0.24625, 0.25375, 0.24625, 0.25375, 0.00375, 0.49625, 0.00375
0.49625, 0.49625, 0.25375, 0.49625, 0.25375, 0.25375, 0.49625, 0.25375
Fronds
0.623125, 0.99625, 0.501875, 0.99625, 0.501875, 0.75375, 0.623125, 0.75375
Billboards
lc_as_temp_s_arid-GhostGum_TREE.spt
Leaves
0.24625, 0.74625, 0.00375, 0.74625, 0.00375, 0.50375, 0.24625, 0.50375
0.74625, 0.24625, 0.50375, 0.24625, 0.50375, 0.00375, 0.74625, 0.00375
Fronds
0.873125, 0.873125, 0.751875, 0.873125, 0.751875, 0.751875, 0.873125, 0.751875
Billboards
0.661572, 0.864131, 0.500537, 0.864131, 0.500537, 0.729619, 0.661572, 0.729619
0.993604, 0.413936, 0.832568, 0.413936, 0.832568, 0.279424, 0.993604, 0.279424
0.163525, 0.986201, 0.00249023, 0.986201, 0.00249023, 0.851689, 0.163525, 0.851689
0.993604, 0.275264, 0.832568, 0.275264, 0.832568, 0.140752, 0.993604, 0.140752
0.993604, 0.136592, 0.832568, 0.136592, 0.832568, 0.00208008, 0.993604, 0.00208008
0.827588, 0.605342, 0.666553, 0.605342, 0.666553, 0.47083, 0.827588, 0.47083
0.495557, 0.861201, 0.334521, 0.861201, 0.334521, 0.726689, 0.495557, 0.726689
0.329541, 0.889521, 0.168506, 0.889521, 0.168506, 0.75501, 0.329541, 0.75501
lc_as_temp_s_arid-Gimlet_TREE.spt
Leaves
0.74625, 0.49625, 0.50375, 0.49625, 0.50375, 0.25375, 0.74625, 0.25375
0.49625, 0.74625, 0.25375, 0.74625, 0.25375, 0.50375, 0.49625, 0.50375
Fronds
0.873125, 0.74625, 0.751875, 0.74625, 0.751875, 0.50375, 0.873125, 0.50375
Billboards
0.163525, 0.498125, 0.00249023, 0.498125, 0.00249023, 0.376875, 0.163525, 0.376875
0.329541, 0.498125, 0.168506, 0.498125, 0.168506, 0.376875, 0.329541, 0.376875
0.495557, 0.373125, 0.334521, 0.373125, 0.334521, 0.251875, 0.495557, 0.251875
0.661572, 0.123125, 0.500537, 0.123125, 0.500537, 0.001875, 0.661572, 0.001875
0.827588, 0.855547, 0.666553, 0.855547, 0.666553, 0.734297, 0.827588, 0.734297
0.993604, 0.539141, 0.832568, 0.539141, 0.832568, 0.417891, 0.993604, 0.417891
0.495557, 0.986406, 0.334521, 0.986406, 0.334521, 0.865156, 0.495557, 0.865156
0.827588, 0.730547, 0.666553, 0.730547, 0.666553, 0.609297, 0.827588, 0.609297
lc_as_temp_s_arid-lowbrush_SHRUB.spt
Leaves
0.74625, 0.74625, 0.50375, 0.74625, 0.50375, 0.50375, 0.74625, 0.50375
0.99625, 0.24625, 0.75375, 0.24625, 0.75375, 0.00375, 0.99625, 0.00375
Fronds
0.748125, 0.99625, 0.626875, 0.99625, 0.626875, 0.75375, 0.748125, 0.75375
Billboards
lc_as_temp_s_arid-queens_crepe_myrtle_TREE.spt
Leaves
0.24625, 0.99625, 0.00375, 0.99625, 0.00375, 0.75375, 0.24625, 0.75375
0.24625, 0.99625, 0.00375, 0.99625, 0.00375, 0.75375, 0.24625, 0.75375
0.24625, 0.99625, 0.00375, 0.99625, 0.00375, 0.75375, 0.24625, 0.75375
Fronds
0.936562, 0.998125, 0.875938, 0.998125, 0.875938, 0.876875, 0.936562, 0.876875
Billboards
0.163525, 0.691909, 0.00249023, 0.691909, 0.00249023, 0.59813, 0.163525, 0.59813
0.661572, 0.413589, 0.500537, 0.413589, 0.500537, 0.31981, 0.661572, 0.31981
0.495557, 0.566909, 0.334521, 0.566909, 0.334521, 0.47313, 0.495557, 0.47313
0.661572, 0.316909, 0.500537, 0.316909, 0.500537, 0.22313, 0.661572, 0.22313
0.163525, 0.59523, 0.00249023, 0.59523, 0.00249023, 0.50145, 0.163525, 0.50145
0.495557, 0.47023, 0.334521, 0.47023, 0.334521, 0.37645, 0.495557, 0.37645
0.661572, 0.220229, 0.500537, 0.220229, 0.500537, 0.12645, 0.661572, 0.12645
0.329541, 0.59523, 0.168506, 0.59523, 0.168506, 0.50145, 0.329541, 0.50145
lc_as_temp_s_arid-thicket_SHRUB.spt
Leaves
0.998125, 0.873125, 0.876875, 0.873125, 0.876875, 0.751875, 0.998125, 0.751875
0.873125, 0.998125, 0.751875, 0.998125, 0.751875, 0.876875, 0.873125, 0.876875
Fronds
0.998125, 0.74625, 0.876875, 0.74625, 0.876875, 0.50375, 0.998125, 0.50375
Billboards
lc_as_temp_s_arid-weeping_fig_TREE.spt
Leaves
0.49625, 0.99625, 0.25375, 0.99625, 0.25375, 0.75375, 0.49625, 0.75375
Fronds
0.99625, 0.49625, 0.75375, 0.49625, 0.75375, 0.25375, 0.99625, 0.25375
Billboards
0.661572, 0.725195, 0.500537, 0.725195, 0.500537, 0.573633, 0.661572, 0.573633
0.827588, 0.466406, 0.666553, 0.466406, 0.666553, 0.314844, 0.827588, 0.314844
0.163525, 0.847266, 0.00249023, 0.847266, 0.00249023, 0.695703, 0.163525, 0.695703
0.827588, 0.310156, 0.666553, 0.310156, 0.666553, 0.158594, 0.827588, 0.158594
0.827588, 0.153906, 0.666553, 0.153906, 0.666553, 0.00234375, 0.827588, 0.00234375
0.495557, 0.722266, 0.334521, 0.722266, 0.334521, 0.570703, 0.495557, 0.570703
0.661572, 0.568945, 0.500537, 0.568945, 0.500537, 0.417383, 0.661572, 0.417383
0.329541, 0.750586, 0.168506, 0.750586, 0.168506, 0.599023, 0.329541, 0.599023
