lc_am_us_east-white_oak_TREE_WINTER.spt
Leaves
0.4925, 0.24625, 0.0075, 0.24625, 0.0075, 0.00375, 0.4925, 0.00375
Fronds
0.4925, 0.24625, 0.0075, 0.24625, 0.0075, 0.00375, 0.4925, 0.00375
Billboards
0.152944, 0.101963, 0.0023291, 0.101963, 0.0023291, 0.00155273, 0.152944, 0.00155273
0.152944, 0.205479, 0.0023291, 0.205479, 0.0023291, 0.105068, 0.152944, 0.105068
0.308218, 0.101963, 0.157603, 0.101963, 0.157603, 0.00155273, 0.308218, 0.00155273
0.308218, 0.205479, 0.157603, 0.205479, 0.157603, 0.105068, 0.308218, 0.105068
0.152944, 0.308994, 0.0023291, 0.308994, 0.0023291, 0.208584, 0.152944, 0.208584
0.308218, 0.308994, 0.157603, 0.308994, 0.157603, 0.208584, 0.308218, 0.208584
0.463491, 0.101963, 0.312876, 0.101963, 0.312876, 0.00155273, 0.463491, 0.00155273
0.152944, 0.41251, 0.0023291, 0.41251, 0.0023291, 0.3121, 0.152944, 0.3121
lc_am_us_east-american_beech_TREE_WINTER.spt
Leaves
0.4925, 0.24625, 0.0075, 0.24625, 0.0075, 0.00375, 0.4925, 0.00375
Fronds
0.4925, 0.49625, 0.0075, 0.49625, 0.0075, 0.25375, 0.4925, 0.25375
Billboards
0.768267, 0.463491, 0.623335, 0.463491, 0.623335, 0.312876, 0.768267, 0.312876
0.612993, 0.612905, 0.468062, 0.612905, 0.468062, 0.46229, 0.612993, 0.46229
0.45772, 0.713491, 0.312788, 0.713491, 0.312788, 0.562876, 0.45772, 0.562876
0.768267, 0.308218, 0.623335, 0.308218, 0.623335, 0.157603, 0.768267, 0.157603
0.302446, 0.768179, 0.157515, 0.768179, 0.157515, 0.617563, 0.302446, 0.617563
0.768267, 0.152944, 0.623335, 0.152944, 0.623335, 0.0023291, 0.768267, 0.0023291
0.147173, 0.719351, 0.00224121, 0.719351, 0.00224121, 0.568735, 0.147173, 0.568735
0.612993, 0.457632, 0.468062, 0.457632, 0.468062, 0.307017, 0.612993, 0.307017
lc_am_us_east-american_holly_SHRUB_WINTER.spt
Leaves
0.49625, 0.623125, 0.25375, 0.623125, 0.25375, 0.501875, 0.49625, 0.501875
0.74625, 0.609941, 0.50375, 0.609941, 0.50375, 0.488691, 0.74625, 0.488691
Fronds
0.92293, 0.373125, 0.80168, 0.373125, 0.80168, 0.251875, 0.92293, 0.251875
Billboards
lc_am_us_east-BlueSpruce_TREE_WINTER.spt
Leaves
0.9925, 0.24625, 0.5075, 0.24625, 0.5075, 0.00375, 0.9925, 0.00375
Fronds
0.623125, 0.858066, 0.501875, 0.858066, 0.501875, 0.615566, 0.623125, 0.615566
Billboards
0.126973, 0.874624, 0.00193359, 0.874624, 0.00193359, 0.724009, 0.126973, 0.724009
0.89748, 0.152944, 0.772441, 0.152944, 0.772441, 0.0023291, 0.89748, 0.0023291
0.592793, 0.768179, 0.467754, 0.768179, 0.467754, 0.617563, 0.592793, 0.617563
0.748066, 0.618765, 0.623027, 0.618765, 0.623027, 0.468149, 0.748066, 0.468149
0.43752, 0.868765, 0.31248, 0.868765, 0.31248, 0.718149, 0.43752, 0.718149
0.89748, 0.308218, 0.772441, 0.308218, 0.772441, 0.157603, 0.89748, 0.157603
0.282246, 0.923452, 0.157207, 0.923452, 0.157207, 0.772837, 0.282246, 0.772837
0.89748, 0.463491, 0.772441, 0.463491, 0.772441, 0.312876, 0.89748, 0.312876
lc_am_us_east-RedOak_TREE_WINTER.spt
Leaves
0.4925, 0.24625, 0.0075, 0.24625, 0.0075, 0.00375, 0.4925, 0.00375
0.4925, 0.24625, 0.0075, 0.24625, 0.0075, 0.00375, 0.4925, 0.00375
Fronds
0.795308, 0.483264, 0.504497, 0.483264, 0.504497, 0.253552, 0.795308, 0.253552
Billboards
0.463491, 0.558262, 0.312876, 0.558262, 0.312876, 0.410488, 0.463491, 0.410488
0.618765, 0.302402, 0.468149, 0.302402, 0.468149, 0.154629, 0.618765, 0.154629
0.308218, 0.612949, 0.157603, 0.612949, 0.157603, 0.465176, 0.308218, 0.465176
0.618765, 0.150059, 0.468149, 0.150059, 0.468149, 0.00228516, 0.618765, 0.00228516
0.152944, 0.564121, 0.0023291, 0.564121, 0.0023291, 0.416348, 0.152944, 0.416348
0.463491, 0.405918, 0.312876, 0.405918, 0.312876, 0.258145, 0.463491, 0.258145
0.308218, 0.460605, 0.157603, 0.460605, 0.157603, 0.312832, 0.308218, 0.312832
0.463491, 0.253574, 0.312876, 0.253574, 0.312876, 0.105801, 0.463491, 0.105801
lc_am_us_east-SilverMaple_TREE_WINTER.spt
Leaves
0.4925, 0.24625, 0.0075, 0.24625, 0.0075, 0.00375, 0.4925, 0.00375
0.4925, 0.24625, 0.0075, 0.24625, 0.0075, 0.00375, 0.4925, 0.00375
Fronds
0.24625, 0.74625, 0.00375, 0.74625, 0.00375, 0.50375, 0.24625, 0.50375
Billboards
0.738447, 0.774038, 0.622881, 0.774038, 0.622881, 0.623423, 0.738447, 0.623423
0.867353, 0.618765, 0.751787, 0.618765, 0.751787, 0.468149, 0.867353, 0.468149
0.583174, 0.923452, 0.467607, 0.923452, 0.467607, 0.772837, 0.583174, 0.772837
0.857588, 0.774038, 0.742022, 0.774038, 0.742022, 0.623423, 0.857588, 0.623423
0.986494, 0.618765, 0.870928, 0.618765, 0.870928, 0.468149, 0.986494, 0.468149
0.738447, 0.929312, 0.622881, 0.929312, 0.622881, 0.778696, 0.738447, 0.778696
0.976728, 0.774038, 0.861162, 0.774038, 0.861162, 0.623423, 0.976728, 0.623423
0.857588, 0.929312, 0.742022, 0.929312, 0.742022, 0.778696, 0.857588, 0.778696
lc_am_us_east-creeping_juniper_SHRUB_WINTER.spt
Leaves
0.99625, 0.609941, 0.75375, 0.609941, 0.75375, 0.488691, 0.99625, 0.488691
0.49625, 0.748125, 0.25375, 0.748125, 0.25375, 0.626875, 0.49625, 0.626875
0.99625, 0.609941, 0.75375, 0.609941, 0.75375, 0.488691, 0.99625, 0.488691
Fronds
0.748125, 0.734941, 0.626875, 0.734941, 0.626875, 0.613691, 0.748125, 0.613691
Billboards
