lc_am_jungle-balsa_TREE.spt
Leaves
0.24625, 0.24625, 0.00375, 0.24625, 0.00375, 0.00375, 0.24625, 0.00375
Fronds
0.24625, 0.49625, 0.00375, 0.49625, 0.00375, 0.25375, 0.24625, 0.25375
Billboards
0.153906, 0.551514, 0.00234375, 0.551514, 0.00234375, 0.409424, 0.153906, 0.409424
0.466406, 0.411865, 0.314844, 0.411865, 0.314844, 0.269775, 0.466406, 0.269775
0.310156, 0.551514, 0.158594, 0.551514, 0.158594, 0.409424, 0.310156, 0.409424
0.622656, 0.144287, 0.471094, 0.144287, 0.471094, 0.00219727, 0.622656, 0.00219727
0.622656, 0.290771, 0.471094, 0.290771, 0.471094, 0.148682, 0.622656, 0.148682
0.466406, 0.55835, 0.314844, 0.55835, 0.314844, 0.41626, 0.466406, 0.41626
0.622656, 0.437256, 0.471094, 0.437256, 0.471094, 0.295166, 0.622656, 0.295166
0.153906, 0.697998, 0.00234375, 0.697998, 0.00234375, 0.555908, 0.153906, 0.555908
lc_am_jungle-bamboo_cluster_TREE.spt
Leaves
0.873125, 0.123125, 0.751875, 0.123125, 0.751875, 0.001875, 0.873125, 0.001875
0.248125, 0.873125, 0.126875, 0.873125, 0.126875, 0.751875, 0.248125, 0.751875
Fronds
0.24625, 0.24625, 0.00375, 0.24625, 0.00375, 0.00375, 0.24625, 0.00375
Billboards
0.153906, 0.067334, 0.00234375, 0.067334, 0.00234375, 0.00102539, 0.153906, 0.00102539
0.153906, 0.135693, 0.00234375, 0.135693, 0.00234375, 0.0693848, 0.153906, 0.0693848
0.153906, 0.204053, 0.00234375, 0.204053, 0.00234375, 0.137744, 0.153906, 0.137744
0.310156, 0.067334, 0.158594, 0.067334, 0.158594, 0.00102539, 0.310156, 0.00102539
0.310156, 0.135693, 0.158594, 0.135693, 0.158594, 0.0693848, 0.310156, 0.0693848
0.153906, 0.272412, 0.00234375, 0.272412, 0.00234375, 0.206104, 0.153906, 0.206104
0.310156, 0.204053, 0.158594, 0.204053, 0.158594, 0.137744, 0.310156, 0.137744
0.310156, 0.272412, 0.158594, 0.272412, 0.158594, 0.206104, 0.310156, 0.206104
lc_am_jungle-banana_tree_SHRUB.spt
Leaves
0.24625, 0.24625, 0.00375, 0.24625, 0.00375, 0.00375, 0.24625, 0.00375
0.24625, 0.24625, 0.00375, 0.24625, 0.00375, 0.00375, 0.24625, 0.00375
Fronds
0.623125, 0.4925, 0.501875, 0.4925, 0.501875, 0.0075, 0.623125, 0.0075
0.373125, 0.9925, 0.251875, 0.9925, 0.251875, 0.5075, 0.373125, 0.5075
Billboards
lc_am_jungle-caribbean_pine_TREE.spt
Leaves
0.49625, 0.24625, 0.25375, 0.24625, 0.25375, 0.00375, 0.49625, 0.00375
Fronds
0.498125, 0.74625, 0.376875, 0.74625, 0.376875, 0.50375, 0.498125, 0.50375
Billboards
0.94602, 0.935156, 0.865503, 0.935156, 0.865503, 0.783594, 0.94602, 0.783594
0.863013, 0.935156, 0.782495, 0.935156, 0.782495, 0.783594, 0.863013, 0.783594
0.94602, 0.778906, 0.865503, 0.778906, 0.865503, 0.627344, 0.94602, 0.627344
0.967505, 0.622656, 0.886987, 0.622656, 0.886987, 0.471094, 0.967505, 0.471094
0.989966, 0.153906, 0.909448, 0.153906, 0.909448, 0.00234375, 0.989966, 0.00234375
0.655005, 0.905859, 0.574487, 0.905859, 0.574487, 0.754297, 0.655005, 0.754297
0.738013, 0.905859, 0.657495, 0.905859, 0.657495, 0.754297, 0.738013, 0.754297
0.863013, 0.778906, 0.782495, 0.778906, 0.782495, 0.627344, 0.863013, 0.627344
lc_am_jungle-cecropia_TREE.spt
Leaves
0.49625, 0.49625, 0.25375, 0.49625, 0.25375, 0.25375, 0.49625, 0.25375
Fronds
0.748125, 0.24625, 0.626875, 0.24625, 0.626875, 0.00375, 0.748125, 0.00375
Billboards
0.906299, 0.153906, 0.783154, 0.153906, 0.783154, 0.00234375, 0.906299, 0.00234375
0.437549, 0.848242, 0.314404, 0.848242, 0.314404, 0.69668, 0.437549, 0.69668
0.593799, 0.749609, 0.470654, 0.749609, 0.470654, 0.598047, 0.593799, 0.598047
0.720752, 0.593359, 0.597607, 0.593359, 0.597607, 0.441797, 0.720752, 0.441797
0.281299, 0.841406, 0.158154, 0.841406, 0.158154, 0.689844, 0.281299, 0.689844
0.125049, 0.854102, 0.0019043, 0.854102, 0.0019043, 0.702539, 0.125049, 0.702539
0.750049, 0.421484, 0.626904, 0.421484, 0.626904, 0.269922, 0.750049, 0.269922
0.593799, 0.593359, 0.470654, 0.593359, 0.470654, 0.441797, 0.593799, 0.441797
lc_am_jungle-cinnamon_fern_SHRUB.spt
Leaves
0.811562, 0.37125, 0.750938, 0.37125, 0.750938, 0.12875, 0.811562, 0.12875
Fronds
0.811562, 0.37125, 0.750938, 0.37125, 0.750938, 0.12875, 0.811562, 0.12875
Billboards
lc_am_jungle-jungle_brush_SHRUB.spt
Leaves
0.24625, 0.24625, 0.00375, 0.24625, 0.00375, 0.00375, 0.24625, 0.00375
Fronds
0.748125, 0.49625, 0.626875, 0.49625, 0.626875, 0.25375, 0.748125, 0.25375
Billboards
lc_am_jungle-kapok_TREE.spt
Leaves
0.24625, 0.74625, 0.00375, 0.74625, 0.00375, 0.50375, 0.24625, 0.50375
Fronds
0.623125, 0.74625, 0.501875, 0.74625, 0.501875, 0.50375, 0.623125, 0.50375
Billboards
0.466406, 0.692329, 0.314844, 0.692329, 0.314844, 0.562554, 0.466406, 0.562554
0.778906, 0.265571, 0.627344, 0.265571, 0.627344, 0.135796, 0.778906, 0.135796
0.778906, 0.131782, 0.627344, 0.131782, 0.627344, 0.00200684, 0.778906, 0.00200684
0.310156, 0.685493, 0.158594, 0.685493, 0.158594, 0.555718, 0.310156, 0.555718
0.466406, 0.265571, 0.314844, 0.265571, 0.314844, 0.135796, 0.466406, 0.135796
0.310156, 0.40522, 0.158594, 0.40522, 0.158594, 0.275444, 0.310156, 0.275444
0.466406, 0.131782, 0.314844, 0.131782, 0.314844, 0.00200684, 0.466406, 0.00200684
0.153906, 0.40522, 0.00234375, 0.40522, 0.00234375, 0.275444, 0.153906, 0.275444
lc_am_jungle-queen_palm_TREE.spt
Leaves
0.24625, 0.24625, 0.00375, 0.24625, 0.00375, 0.00375, 0.24625, 0.00375
0.24625, 0.24625, 0.00375, 0.24625, 0.00375, 0.00375, 0.24625, 0.00375
Fronds
0.123125, 0.99625, 0.001875, 0.99625, 0.001875, 0.75375, 0.123125, 0.75375
Billboards
0.571675, 0.905859, 0.470317, 0.905859, 0.470317, 0.754297, 0.571675, 0.754297
0.988667, 0.310156, 0.88731, 0.310156, 0.88731, 0.158594, 0.988667, 0.158594
0.884175, 0.622656, 0.782817, 0.622656, 0.782817, 0.471094, 0.884175, 0.471094
0.988667, 0.466406, 0.88731, 0.466406, 0.88731, 0.314844, 0.988667, 0.314844
0.259175, 0.997656, 0.157817, 0.997656, 0.157817, 0.846094, 0.259175, 0.846094
0.698628, 0.749609, 0.59727, 0.749609, 0.59727, 0.598047, 0.698628, 0.598047
0.884175, 0.466406, 0.782817, 0.466406, 0.782817, 0.314844, 0.884175, 0.314844
0.884175, 0.310156, 0.782817, 0.310156, 0.782817, 0.158594, 0.884175, 0.158594
