lc_am_us_central-thicket_SHRUB_WINTER.spt
Leaves
0.623125, 0.373125, 0.501875, 0.373125, 0.501875, 0.251875, 0.623125, 0.251875
0.623125, 0.498125, 0.501875, 0.498125, 0.501875, 0.376875, 0.623125, 0.376875
Fronds
0.373125, 0.49625, 0.251875, 0.49625, 0.251875, 0.25375, 0.373125, 0.25375
Billboards
lc_am_us_central-BlueSpruce_TREE_WINTER.spt
Leaves
0.24625, 0.24625, 0.00375, 0.24625, 0.00375, 0.00375, 0.24625, 0.00375
Fronds
0.686562, 0.37125, 0.625938, 0.37125, 0.625938, 0.12875, 0.686562, 0.12875
Billboards
0.607134, 0.643208, 0.462202, 0.643208, 0.462202, 0.494487, 0.607134, 0.494487
0.453813, 0.766255, 0.308882, 0.766255, 0.308882, 0.617534, 0.453813, 0.617534
0.760454, 0.539692, 0.615522, 0.539692, 0.615522, 0.390972, 0.760454, 0.390972
0.913774, 0.151021, 0.768843, 0.151021, 0.768843, 0.0022998, 0.913774, 0.0022998
0.147173, 0.918599, 0.00224121, 0.918599, 0.00224121, 0.769878, 0.147173, 0.769878
0.913774, 0.304341, 0.768843, 0.304341, 0.768843, 0.15562, 0.913774, 0.15562
0.296587, 0.918599, 0.151655, 0.918599, 0.151655, 0.769878, 0.296587, 0.769878
0.607134, 0.796528, 0.462202, 0.796528, 0.462202, 0.647808, 0.607134, 0.647808
lc_am_us_central-burford_holly_SHRUB_WINTER.spt
Leaves
0.24625, 0.49625, 0.00375, 0.49625, 0.00375, 0.25375, 0.24625, 0.25375
0.49625, 0.24625, 0.25375, 0.24625, 0.25375, 0.00375, 0.49625, 0.00375
Fronds
0.498125, 0.49625, 0.376875, 0.49625, 0.376875, 0.25375, 0.498125, 0.25375
Billboards
lc_am_us_central-creeping_juniper_SHRUB_WINTER.spt
Leaves
0.498125, 0.623125, 0.376875, 0.623125, 0.376875, 0.501875, 0.498125, 0.501875
0.748125, 0.123125, 0.626875, 0.123125, 0.626875, 0.001875, 0.748125, 0.001875
0.498125, 0.623125, 0.376875, 0.623125, 0.376875, 0.501875, 0.498125, 0.501875
Fronds
0.623125, 0.24625, 0.501875, 0.24625, 0.501875, 0.00375, 0.623125, 0.00375
Billboards
lc_am_us_central-narrow_leaved_ash_TREE_WINTER.spt
Leaves
0.623125, 0.373125, 0.501875, 0.373125, 0.501875, 0.251875, 0.623125, 0.251875
Fronds
0.123125, 0.74625, 0.001875, 0.74625, 0.001875, 0.50375, 0.123125, 0.50375
Billboards
0.610981, 0.244248, 0.462261, 0.244248, 0.462261, 0.124893, 0.610981, 0.124893
0.457661, 0.490342, 0.30894, 0.490342, 0.30894, 0.370986, 0.457661, 0.370986
0.151021, 0.63292, 0.0022998, 0.63292, 0.0022998, 0.513564, 0.151021, 0.513564
0.610981, 0.367295, 0.462261, 0.367295, 0.462261, 0.247939, 0.610981, 0.247939
0.304341, 0.63292, 0.15562, 0.63292, 0.15562, 0.513564, 0.304341, 0.513564
0.457661, 0.613389, 0.30894, 0.613389, 0.30894, 0.494033, 0.457661, 0.494033
0.610981, 0.490342, 0.462261, 0.490342, 0.462261, 0.370986, 0.610981, 0.370986
0.764302, 0.121201, 0.615581, 0.121201, 0.615581, 0.0018457, 0.764302, 0.0018457
lc_am_us_central-scarlet_oak_TREE_WINTER.spt
Leaves
0.623125, 0.373125, 0.501875, 0.373125, 0.501875, 0.251875, 0.623125, 0.251875
0.623125, 0.373125, 0.501875, 0.373125, 0.501875, 0.251875, 0.623125, 0.251875
Fronds
0.248125, 0.74625, 0.126875, 0.74625, 0.126875, 0.50375, 0.248125, 0.50375
Billboards
0.304341, 0.263633, 0.15562, 0.263633, 0.15562, 0.134805, 0.304341, 0.134805
0.304341, 0.13082, 0.15562, 0.13082, 0.15562, 0.00199219, 0.304341, 0.00199219
0.151021, 0.263633, 0.0022998, 0.263633, 0.0022998, 0.134805, 0.151021, 0.134805
0.151021, 0.13082, 0.0022998, 0.13082, 0.0022998, 0.00199219, 0.151021, 0.00199219
0.764302, 0.253867, 0.615581, 0.253867, 0.615581, 0.125039, 0.764302, 0.125039
0.151021, 0.765586, 0.0022998, 0.765586, 0.0022998, 0.636758, 0.151021, 0.636758
0.304341, 0.765586, 0.15562, 0.765586, 0.15562, 0.636758, 0.304341, 0.636758
0.764302, 0.38668, 0.615581, 0.38668, 0.615581, 0.257852, 0.764302, 0.257852
lc_am_us_central-silver_maple_TREE_WINTER.spt
Leaves
0.623125, 0.373125, 0.501875, 0.373125, 0.501875, 0.251875, 0.623125, 0.251875
0.623125, 0.373125, 0.501875, 0.373125, 0.501875, 0.251875, 0.623125, 0.251875
Fronds
0.373125, 0.74625, 0.251875, 0.74625, 0.251875, 0.50375, 0.373125, 0.50375
Billboards
0.752759, 0.693013, 0.615405, 0.693013, 0.615405, 0.544292, 0.752759, 0.544292
0.906079, 0.457661, 0.768726, 0.457661, 0.768726, 0.30894, 0.906079, 0.30894
0.446118, 0.919575, 0.308765, 0.919575, 0.308765, 0.770854, 0.446118, 0.770854
0.906079, 0.610981, 0.768726, 0.610981, 0.768726, 0.462261, 0.906079, 0.462261
0.599438, 0.949849, 0.462085, 0.949849, 0.462085, 0.801128, 0.599438, 0.801128
0.752759, 0.846333, 0.615405, 0.846333, 0.615405, 0.697612, 0.752759, 0.697612
0.906079, 0.764302, 0.768726, 0.764302, 0.768726, 0.615581, 0.906079, 0.615581
0.906079, 0.917622, 0.768726, 0.917622, 0.768726, 0.768901, 0.906079, 0.768901
lc_am_us_central-sorrel_tree_TREE_WINTER.spt
Leaves
0.623125, 0.373125, 0.501875, 0.373125, 0.501875, 0.251875, 0.623125, 0.251875
0.623125, 0.373125, 0.501875, 0.373125, 0.501875, 0.251875, 0.623125, 0.251875
Fronds
0.373125, 0.74625, 0.251875, 0.74625, 0.251875, 0.50375, 0.373125, 0.50375
Billboards
0.610981, 0.121201, 0.462261, 0.121201, 0.462261, 0.0018457, 0.610981, 0.0018457
0.304341, 0.509873, 0.15562, 0.509873, 0.15562, 0.390518, 0.304341, 0.390518
0.457661, 0.367295, 0.30894, 0.367295, 0.30894, 0.247939, 0.457661, 0.247939
0.151021, 0.509873, 0.0022998, 0.509873, 0.0022998, 0.390518, 0.151021, 0.390518
0.457661, 0.244248, 0.30894, 0.244248, 0.30894, 0.124893, 0.457661, 0.124893
0.304341, 0.386826, 0.15562, 0.386826, 0.15562, 0.267471, 0.304341, 0.267471
0.457661, 0.121201, 0.30894, 0.121201, 0.30894, 0.0018457, 0.457661, 0.0018457
0.151021, 0.386826, 0.0022998, 0.386826, 0.0022998, 0.267471, 0.151021, 0.267471
