lc_am_se_usa-BaldCypress_TREE.spt
Leaves
0.74625, 0.49625, 0.50375, 0.49625, 0.50375, 0.25375, 0.74625, 0.25375
0.74625, 0.24625, 0.50375, 0.24625, 0.50375, 0.00375, 0.74625, 0.00375
Fronds
0.498125, 0.87125, 0.376875, 0.87125, 0.376875, 0.62875, 0.498125, 0.62875
Billboards
0.666035, 0.692705, 0.540996, 0.692705, 0.540996, 0.524092, 0.666035, 0.524092
0.86916, 0.171221, 0.744121, 0.171221, 0.744121, 0.00260742, 0.86916, 0.00260742
0.384785, 0.866533, 0.259746, 0.866533, 0.259746, 0.69792, 0.384785, 0.69792
0.255879, 0.866533, 0.13084, 0.866533, 0.13084, 0.69792, 0.255879, 0.69792
0.126973, 0.866533, 0.00193359, 0.866533, 0.00193359, 0.69792, 0.126973, 0.69792
0.71291, 0.518877, 0.587871, 0.518877, 0.587871, 0.350264, 0.71291, 0.350264
0.537129, 0.692705, 0.41209, 0.692705, 0.41209, 0.524092, 0.537129, 0.524092
0.732441, 0.345049, 0.607402, 0.345049, 0.607402, 0.176436, 0.732441, 0.176436
lc_am_se_usa-BanyanTree_TREE.spt
Leaves
0.24625, 0.74625, 0.00375, 0.74625, 0.00375, 0.50375, 0.24625, 0.50375
0.49625, 0.49625, 0.25375, 0.49625, 0.25375, 0.25375, 0.49625, 0.25375
0.905781, 0.4925, 0.875469, 0.4925, 0.875469, 0.0075, 0.905781, 0.0075
Fronds
0.74625, 0.49625, 0.50375, 0.49625, 0.50375, 0.25375, 0.74625, 0.25375
Billboards
0.153906, 0.171221, 0.00234375, 0.171221, 0.00234375, 0.00260742, 0.153906, 0.00260742
0.310156, 0.171221, 0.158594, 0.171221, 0.158594, 0.00260742, 0.310156, 0.00260742
0.153906, 0.345049, 0.00234375, 0.345049, 0.00234375, 0.176436, 0.153906, 0.176436
0.310156, 0.345049, 0.158594, 0.345049, 0.158594, 0.176436, 0.310156, 0.176436
0.466406, 0.171221, 0.314844, 0.171221, 0.314844, 0.00260742, 0.466406, 0.00260742
0.153906, 0.518877, 0.00234375, 0.518877, 0.00234375, 0.350264, 0.153906, 0.350264
0.466406, 0.345049, 0.314844, 0.345049, 0.314844, 0.176436, 0.466406, 0.176436
0.310156, 0.518877, 0.158594, 0.518877, 0.158594, 0.350264, 0.310156, 0.350264
lc_am_se_usa-caribbean_pine_TREE.spt
Leaves
0.49625, 0.24625, 0.25375, 0.24625, 0.25375, 0.00375, 0.49625, 0.00375
Fronds
0.123125, 0.99625, 0.001875, 0.99625, 0.001875, 0.75375, 0.123125, 0.75375
Billboards
0.831528, 0.345049, 0.735855, 0.345049, 0.735855, 0.176436, 0.831528, 0.176436
0.811997, 0.518877, 0.716323, 0.518877, 0.716323, 0.350264, 0.811997, 0.350264
0.483872, 0.866533, 0.388198, 0.866533, 0.388198, 0.69792, 0.483872, 0.69792
0.765122, 0.692705, 0.669448, 0.692705, 0.669448, 0.524092, 0.765122, 0.524092
0.582505, 0.866533, 0.486831, 0.866533, 0.486831, 0.69792, 0.582505, 0.69792
0.930161, 0.345049, 0.834487, 0.345049, 0.834487, 0.176436, 0.930161, 0.176436
0.968247, 0.171221, 0.872573, 0.171221, 0.872573, 0.00260742, 0.968247, 0.00260742
0.91063, 0.518877, 0.814956, 0.518877, 0.814956, 0.350264, 0.91063, 0.350264
lc_am_se_usa-carolina_buckthorn_SHRUB.spt
Leaves
0.24625, 0.49625, 0.00375, 0.49625, 0.00375, 0.25375, 0.24625, 0.25375
Fronds
0.873125, 0.24625, 0.751875, 0.24625, 0.751875, 0.00375, 0.873125, 0.00375
Billboards
lc_am_se_usa-cinnamon_fern_SHRUB.spt
Leaves
0.74625, 0.49625, 0.50375, 0.49625, 0.50375, 0.25375, 0.74625, 0.25375
Fronds
0.873125, 0.7425, 0.751875, 0.7425, 0.751875, 0.2575, 0.873125, 0.2575
Billboards
lc_am_se_usa-lowbrush_SHRUB.spt
Leaves
0.498125, 0.623125, 0.376875, 0.623125, 0.376875, 0.501875, 0.498125, 0.501875
0.373125, 0.623125, 0.251875, 0.623125, 0.251875, 0.501875, 0.373125, 0.501875
Fronds
0.623125, 0.74625, 0.501875, 0.74625, 0.501875, 0.50375, 0.623125, 0.50375
Billboards
lc_am_se_usa-swamp_cypress_TREE.spt
Leaves
0.49625, 0.24625, 0.25375, 0.24625, 0.25375, 0.00375, 0.49625, 0.00375
Fronds
0.373125, 0.87125, 0.251875, 0.87125, 0.251875, 0.62875, 0.373125, 0.62875
Billboards
0.658052, 0.866533, 0.585112, 0.866533, 0.585112, 0.69792, 0.658052, 0.69792
0.840669, 0.692705, 0.76773, 0.692705, 0.76773, 0.524092, 0.840669, 0.524092
0.733247, 0.866533, 0.660308, 0.866533, 0.660308, 0.69792, 0.733247, 0.69792
0.986177, 0.518877, 0.913237, 0.518877, 0.913237, 0.350264, 0.986177, 0.350264
0.915864, 0.692705, 0.842925, 0.692705, 0.842925, 0.524092, 0.915864, 0.524092
0.808442, 0.866533, 0.735503, 0.866533, 0.735503, 0.69792, 0.808442, 0.69792
0.99106, 0.692705, 0.91812, 0.692705, 0.91812, 0.524092, 0.99106, 0.524092
0.883638, 0.866533, 0.810698, 0.866533, 0.810698, 0.69792, 0.883638, 0.69792
lc_am_se_usa-tulip_TREE.spt
Leaves
0.24625, 0.24625, 0.00375, 0.24625, 0.00375, 0.00375, 0.24625, 0.00375
Fronds
0.748125, 0.9925, 0.626875, 0.9925, 0.626875, 0.5075, 0.748125, 0.5075
Billboards
0.447168, 0.518877, 0.314551, 0.518877, 0.314551, 0.350264, 0.447168, 0.350264
0.603418, 0.171221, 0.470801, 0.171221, 0.470801, 0.00260742, 0.603418, 0.00260742
0.603418, 0.345049, 0.470801, 0.345049, 0.470801, 0.176436, 0.603418, 0.176436
0.134668, 0.692705, 0.00205078, 0.692705, 0.00205078, 0.524092, 0.134668, 0.524092
0.271387, 0.692705, 0.13877, 0.692705, 0.13877, 0.524092, 0.271387, 0.524092
0.583887, 0.518877, 0.45127, 0.518877, 0.45127, 0.350264, 0.583887, 0.350264
0.408105, 0.692705, 0.275488, 0.692705, 0.275488, 0.524092, 0.408105, 0.524092
0.740137, 0.171221, 0.60752, 0.171221, 0.60752, 0.00260742, 0.740137, 0.00260742
