lc_boreal-western_red_cedar_TREE.spt
Leaves
0.99625, 0.24625, 0.75375, 0.24625, 0.75375, 0.00375, 0.99625, 0.00375
0.74625, 0.74625, 0.50375, 0.74625, 0.50375, 0.50375, 0.74625, 0.50375
Fronds
0.998125, 0.49625, 0.876875, 0.49625, 0.876875, 0.25375, 0.998125, 0.25375
Billboards
0.433584, 0.495557, 0.30665, 0.495557, 0.30665, 0.334521, 0.433584, 0.334521
0.585928, 0.163525, 0.458994, 0.163525, 0.458994, 0.00249023, 0.585928, 0.00249023
0.585928, 0.329541, 0.458994, 0.329541, 0.458994, 0.168506, 0.585928, 0.168506
0.128896, 0.661572, 0.00196289, 0.661572, 0.00196289, 0.500537, 0.128896, 0.500537
0.259756, 0.661572, 0.132822, 0.661572, 0.132822, 0.500537, 0.259756, 0.500537
0.564443, 0.495557, 0.43751, 0.495557, 0.43751, 0.334521, 0.564443, 0.334521
0.390615, 0.661572, 0.263682, 0.661572, 0.263682, 0.500537, 0.390615, 0.500537
0.716787, 0.163525, 0.589854, 0.163525, 0.589854, 0.00249023, 0.716787, 0.00249023
lc_boreal-AustrianPine_TREE.spt
Leaves
0.49625, 0.74625, 0.25375, 0.74625, 0.25375, 0.50375, 0.49625, 0.50375
0.74625, 0.49625, 0.50375, 0.49625, 0.50375, 0.25375, 0.74625, 0.25375
Fronds
0.811562, 0.87125, 0.750938, 0.87125, 0.750938, 0.62875, 0.811562, 0.62875
Billboards
0.642642, 0.661572, 0.520444, 0.661572, 0.520444, 0.500537, 0.642642, 0.500537
0.842837, 0.163525, 0.72064, 0.163525, 0.72064, 0.00249023, 0.842837, 0.00249023
0.37604, 0.827588, 0.253843, 0.827588, 0.253843, 0.666553, 0.37604, 0.666553
0.250063, 0.827588, 0.127866, 0.827588, 0.127866, 0.666553, 0.250063, 0.666553
0.124087, 0.827588, 0.00188965, 0.827588, 0.00188965, 0.666553, 0.124087, 0.666553
0.690493, 0.495557, 0.568296, 0.495557, 0.568296, 0.334521, 0.690493, 0.334521
0.516665, 0.661572, 0.394468, 0.661572, 0.394468, 0.500537, 0.516665, 0.500537
0.711978, 0.329541, 0.58978, 0.329541, 0.58978, 0.168506, 0.711978, 0.168506
lc_boreal-BlueSpruce_TREE.spt
Leaves
0.74625, 0.24625, 0.50375, 0.24625, 0.50375, 0.00375, 0.74625, 0.00375
0.24625, 0.74625, 0.00375, 0.74625, 0.00375, 0.50375, 0.24625, 0.50375
Fronds
0.748125, 0.99625, 0.626875, 0.99625, 0.626875, 0.75375, 0.748125, 0.75375
Billboards
0.836992, 0.329541, 0.715742, 0.329541, 0.715742, 0.168506, 0.836992, 0.168506
0.501055, 0.827588, 0.379805, 0.827588, 0.379805, 0.666553, 0.501055, 0.666553
0.815508, 0.495557, 0.694258, 0.495557, 0.694258, 0.334521, 0.815508, 0.334521
0.767656, 0.661572, 0.646406, 0.661572, 0.646406, 0.500537, 0.767656, 0.500537
0.123125, 0.993604, 0.001875, 0.993604, 0.001875, 0.832568, 0.123125, 0.832568
0.626055, 0.827588, 0.504805, 0.827588, 0.504805, 0.666553, 0.626055, 0.666553
0.248125, 0.993604, 0.126875, 0.993604, 0.126875, 0.832568, 0.248125, 0.832568
0.967852, 0.163525, 0.846602, 0.163525, 0.846602, 0.00249023, 0.967852, 0.00249023
lc_boreal-ChristmasScotchPine_TREE.spt
Leaves
0.49625, 0.49625, 0.25375, 0.49625, 0.25375, 0.25375, 0.49625, 0.25375
0.49625, 0.24625, 0.25375, 0.24625, 0.25375, 0.00375, 0.49625, 0.00375
Fronds
0.811562, 0.87125, 0.750938, 0.87125, 0.750938, 0.62875, 0.811562, 0.62875
Billboards
0.150059, 0.163525, 0.00228516, 0.163525, 0.00228516, 0.00249023, 0.150059, 0.00249023
0.302402, 0.163525, 0.154629, 0.163525, 0.154629, 0.00249023, 0.302402, 0.00249023
0.150059, 0.329541, 0.00228516, 0.329541, 0.00228516, 0.168506, 0.150059, 0.168506
0.302402, 0.329541, 0.154629, 0.329541, 0.154629, 0.168506, 0.302402, 0.168506
0.454746, 0.163525, 0.306973, 0.163525, 0.306973, 0.00249023, 0.454746, 0.00249023
0.150059, 0.495557, 0.00228516, 0.495557, 0.00228516, 0.334521, 0.150059, 0.334521
0.454746, 0.329541, 0.306973, 0.329541, 0.306973, 0.168506, 0.454746, 0.168506
0.302402, 0.495557, 0.154629, 0.495557, 0.154629, 0.334521, 0.302402, 0.334521
lc_boreal-creeping_juniper_SHRUB.spt
Leaves
0.873125, 0.373125, 0.751875, 0.373125, 0.751875, 0.251875, 0.873125, 0.251875
0.373125, 0.873125, 0.251875, 0.873125, 0.251875, 0.751875, 0.373125, 0.751875
0.873125, 0.373125, 0.751875, 0.373125, 0.751875, 0.251875, 0.873125, 0.251875
Fronds
0.623125, 0.99625, 0.501875, 0.99625, 0.501875, 0.75375, 0.623125, 0.75375
Billboards
lc_boreal-lowbrush_SHRUB.spt
Leaves
0.24625, 0.49625, 0.00375, 0.49625, 0.00375, 0.25375, 0.24625, 0.25375
0.24625, 0.24625, 0.00375, 0.24625, 0.00375, 0.00375, 0.24625, 0.00375
Fronds
0.873125, 0.62125, 0.751875, 0.62125, 0.751875, 0.37875, 0.873125, 0.37875
Billboards
lc_boreal-norway_spruce_TREE.spt
Leaves
0.99625, 0.24625, 0.75375, 0.24625, 0.75375, 0.00375, 0.99625, 0.00375
0.74625, 0.74625, 0.50375, 0.74625, 0.50375, 0.50375, 0.74625, 0.50375
Fronds
0.998125, 0.49625, 0.876875, 0.49625, 0.876875, 0.25375, 0.998125, 0.25375
Billboards
0.939868, 0.329541, 0.840405, 0.329541, 0.840405, 0.168506, 0.939868, 0.168506
0.351001, 0.993604, 0.251538, 0.993604, 0.251538, 0.832568, 0.351001, 0.832568
0.918384, 0.495557, 0.818921, 0.495557, 0.818921, 0.334521, 0.918384, 0.334521
0.45354, 0.993604, 0.354077, 0.993604, 0.354077, 0.832568, 0.45354, 0.832568
0.728931, 0.827588, 0.629468, 0.827588, 0.629468, 0.666553, 0.728931, 0.666553
0.870532, 0.661572, 0.771069, 0.661572, 0.771069, 0.500537, 0.870532, 0.500537
0.556079, 0.993604, 0.456616, 0.993604, 0.456616, 0.832568, 0.556079, 0.832568
0.83147, 0.827588, 0.732007, 0.827588, 0.732007, 0.666553, 0.83147, 0.666553
lc_boreal-thicket_SHRUB.spt
Leaves
0.248125, 0.873125, 0.126875, 0.873125, 0.126875, 0.751875, 0.248125, 0.751875
0.123125, 0.873125, 0.001875, 0.873125, 0.001875, 0.751875, 0.123125, 0.751875
Fronds
0.498125, 0.99625, 0.376875, 0.99625, 0.376875, 0.75375, 0.498125, 0.75375
Billboards
