lc_eu_north_s_arid-silver_birch_TREE_WINTER.spt
Leaves
0.74625, 0.74625, 0.50375, 0.74625, 0.50375, 0.50375, 0.74625, 0.50375
0.74625, 0.74625, 0.50375, 0.74625, 0.50375, 0.50375, 0.74625, 0.50375
Fronds
0.74625, 0.74625, 0.50375, 0.74625, 0.50375, 0.50375, 0.74625, 0.50375
Billboards
0.29771, 0.750513, 0.162251, 0.750513, 0.162251, 0.594214, 0.29771, 0.594214
0.781108, 0.158716, 0.645649, 0.158716, 0.645649, 0.00241699, 0.781108, 0.00241699
0.781108, 0.319849, 0.645649, 0.319849, 0.645649, 0.16355, 0.781108, 0.16355
0.620952, 0.642114, 0.485493, 0.642114, 0.485493, 0.485815, 0.620952, 0.485815
0.459819, 0.768091, 0.32436, 0.768091, 0.32436, 0.611792, 0.459819, 0.611792
0.781108, 0.480981, 0.645649, 0.480981, 0.645649, 0.324683, 0.781108, 0.324683
0.137554, 0.911646, 0.00209473, 0.911646, 0.00209473, 0.755347, 0.137554, 0.755347
0.277202, 0.911646, 0.141743, 0.911646, 0.141743, 0.755347, 0.277202, 0.755347
lc_eu_north_s_arid-burford_holly_SHRUB_WINTER.spt
Leaves
0.4925, 0.24625, 0.0075, 0.24625, 0.0075, 0.00375, 0.4925, 0.00375
0.4925, 0.49625, 0.0075, 0.49625, 0.0075, 0.25375, 0.4925, 0.25375
Fronds
0.99625, 0.74625, 0.75375, 0.74625, 0.75375, 0.50375, 0.99625, 0.50375
Billboards
lc_eu_north_s_arid-english_oak_TREE_WINTER.spt
Leaves
0.9925, 0.24625, 0.5075, 0.24625, 0.5075, 0.00375, 0.9925, 0.00375
0.9925, 0.49625, 0.5075, 0.49625, 0.5075, 0.25375, 0.9925, 0.25375
Fronds
0.873125, 0.99625, 0.751875, 0.99625, 0.751875, 0.75375, 0.873125, 0.75375
Billboards
0.480981, 0.284956, 0.324683, 0.284956, 0.324683, 0.145708, 0.480981, 0.145708
0.319849, 0.428511, 0.16355, 0.428511, 0.16355, 0.289263, 0.319849, 0.289263
0.480981, 0.141401, 0.324683, 0.141401, 0.324683, 0.00215332, 0.480981, 0.00215332
0.158716, 0.428511, 0.00241699, 0.428511, 0.00241699, 0.289263, 0.158716, 0.289263
0.319849, 0.284956, 0.16355, 0.284956, 0.16355, 0.145708, 0.319849, 0.145708
0.319849, 0.141401, 0.16355, 0.141401, 0.16355, 0.00215332, 0.319849, 0.00215332
0.158716, 0.284956, 0.00241699, 0.284956, 0.00241699, 0.145708, 0.158716, 0.145708
0.158716, 0.141401, 0.00241699, 0.141401, 0.00241699, 0.00215332, 0.158716, 0.00215332
lc_eu_north_s_arid-hazel_humid_SHRUB_WINTER.spt
Leaves
0.74625, 0.74625, 0.50375, 0.74625, 0.50375, 0.50375, 0.74625, 0.50375
0.74625, 0.74625, 0.50375, 0.74625, 0.50375, 0.50375, 0.74625, 0.50375
0.74625, 0.74625, 0.50375, 0.74625, 0.50375, 0.50375, 0.74625, 0.50375
0.74625, 0.74625, 0.50375, 0.74625, 0.50375, 0.50375, 0.74625, 0.50375
Fronds
0.24625, 0.99625, 0.00375, 0.99625, 0.00375, 0.75375, 0.24625, 0.75375
Billboards
lc_eu_north_s_arid-lombardy_poplar_TREE_WINTER.spt
Leaves
0.74625, 0.74625, 0.50375, 0.74625, 0.50375, 0.50375, 0.74625, 0.50375
Fronds
0.49625, 0.99625, 0.25375, 0.99625, 0.25375, 0.75375, 0.49625, 0.75375
Billboards
0.769072, 0.938989, 0.67624, 0.938989, 0.67624, 0.78269, 0.769072, 0.78269
0.995635, 0.642114, 0.902803, 0.642114, 0.902803, 0.485815, 0.995635, 0.485815
0.673369, 0.938989, 0.580537, 0.938989, 0.580537, 0.78269, 0.673369, 0.78269
0.995635, 0.480981, 0.902803, 0.480981, 0.902803, 0.324683, 0.995635, 0.324683
0.877471, 0.701685, 0.784639, 0.701685, 0.784639, 0.545386, 0.877471, 0.545386
0.577666, 0.938989, 0.484834, 0.938989, 0.484834, 0.78269, 0.577666, 0.78269
0.995635, 0.319849, 0.902803, 0.319849, 0.902803, 0.16355, 0.995635, 0.16355
0.995635, 0.158716, 0.902803, 0.158716, 0.902803, 0.00241699, 0.995635, 0.00241699
lc_eu_north_s_arid-norway_maple_TREE_WINTER.spt
Leaves
0.74625, 0.74625, 0.50375, 0.74625, 0.50375, 0.50375, 0.74625, 0.50375
0.74625, 0.74625, 0.50375, 0.74625, 0.50375, 0.50375, 0.74625, 0.50375
Fronds
0.74625, 0.99625, 0.50375, 0.99625, 0.50375, 0.75375, 0.74625, 0.75375
Billboards
0.157754, 0.58938, 0.00240234, 0.58938, 0.00240234, 0.433081, 0.157754, 0.433081
0.48002, 0.445825, 0.324668, 0.445825, 0.324668, 0.289526, 0.48002, 0.289526
0.31791, 0.58938, 0.162559, 0.58938, 0.162559, 0.433081, 0.31791, 0.433081
0.641152, 0.158716, 0.485801, 0.158716, 0.485801, 0.00241699, 0.641152, 0.00241699
0.641152, 0.319849, 0.485801, 0.319849, 0.485801, 0.16355, 0.641152, 0.16355
0.48002, 0.606958, 0.324668, 0.606958, 0.324668, 0.450659, 0.48002, 0.450659
0.641152, 0.480981, 0.485801, 0.480981, 0.485801, 0.324683, 0.641152, 0.324683
0.157754, 0.750513, 0.00240234, 0.750513, 0.00240234, 0.594214, 0.157754, 0.594214
lc_eu_north_s_arid-BlueSpruce_TREE_WINTER.spt
Leaves
0.4925, 0.74625, 0.0075, 0.74625, 0.0075, 0.50375, 0.4925, 0.50375
Fronds
0.873125, 0.99625, 0.751875, 0.99625, 0.751875, 0.75375, 0.873125, 0.75375
Billboards
0.899595, 0.133706, 0.784976, 0.133706, 0.784976, 0.00203613, 0.899595, 0.00203613
0.739438, 0.617104, 0.624819, 0.617104, 0.624819, 0.485435, 0.739438, 0.485435
0.899595, 0.269448, 0.784976, 0.269448, 0.784976, 0.137778, 0.899595, 0.137778
0.59979, 0.778237, 0.485171, 0.778237, 0.485171, 0.646567, 0.59979, 0.646567
0.899595, 0.40519, 0.784976, 0.40519, 0.784976, 0.27352, 0.899595, 0.27352
0.438657, 0.904214, 0.324038, 0.904214, 0.324038, 0.772544, 0.438657, 0.772544
0.739438, 0.752847, 0.624819, 0.752847, 0.624819, 0.621177, 0.739438, 0.621177
0.899595, 0.540933, 0.784976, 0.540933, 0.784976, 0.409263, 0.899595, 0.409263
