lc_eu_south_humid-AmericanBoxwood_SHRUB.spt
Leaves
0.99625, 0.49625, 0.75375, 0.49625, 0.75375, 0.25375, 0.99625, 0.25375
0.49625, 0.99625, 0.25375, 0.99625, 0.25375, 0.75375, 0.49625, 0.75375
Fronds
0.24625, 0.99625, 0.00375, 0.99625, 0.00375, 0.75375, 0.24625, 0.75375
Billboards
lc_eu_south_humid-Azalea_SHRUB.spt
Leaves
0.99625, 0.24625, 0.75375, 0.24625, 0.75375, 0.00375, 0.99625, 0.00375
0.74625, 0.74625, 0.50375, 0.74625, 0.50375, 0.50375, 0.74625, 0.50375
Fronds
0.24625, 0.99625, 0.00375, 0.99625, 0.00375, 0.75375, 0.24625, 0.75375
Billboards
lc_eu_south_humid-BlueSpruce_TREE.spt
Leaves
0.49625, 0.74625, 0.25375, 0.74625, 0.25375, 0.50375, 0.49625, 0.50375
Fronds
0.936562, 0.99625, 0.875938, 0.99625, 0.875938, 0.75375, 0.936562, 0.75375
Billboards
0.864453, 0.329541, 0.750781, 0.329541, 0.750781, 0.168506, 0.864453, 0.168506
0.885938, 0.163525, 0.772266, 0.163525, 0.772266, 0.00249023, 0.885938, 0.00249023
0.856641, 0.495557, 0.742969, 0.495557, 0.742969, 0.334521, 0.856641, 0.334521
0.11543, 0.993604, 0.00175781, 0.993604, 0.00175781, 0.832568, 0.11543, 0.832568
0.232617, 0.993604, 0.118945, 0.993604, 0.118945, 0.832568, 0.232617, 0.832568
0.627148, 0.827588, 0.513477, 0.827588, 0.513477, 0.666553, 0.627148, 0.666553
0.819531, 0.661572, 0.705859, 0.661572, 0.705859, 0.500537, 0.819531, 0.500537
0.349805, 0.993604, 0.236133, 0.993604, 0.236133, 0.832568, 0.349805, 0.832568
lc_eu_south_humid-elm_TREE.spt
Leaves
0.74625, 0.49625, 0.50375, 0.49625, 0.50375, 0.25375, 0.74625, 0.25375
0.74625, 0.24625, 0.50375, 0.24625, 0.50375, 0.00375, 0.74625, 0.00375
Fronds
0.998125, 0.74625, 0.876875, 0.74625, 0.876875, 0.50375, 0.998125, 0.50375
Billboards
0.154868, 0.163525, 0.0023584, 0.163525, 0.0023584, 0.00249023, 0.154868, 0.00249023
0.312095, 0.163525, 0.159585, 0.163525, 0.159585, 0.00249023, 0.312095, 0.00249023
0.154868, 0.329541, 0.0023584, 0.329541, 0.0023584, 0.168506, 0.154868, 0.168506
0.312095, 0.329541, 0.159585, 0.329541, 0.159585, 0.168506, 0.312095, 0.168506
0.469321, 0.163525, 0.316812, 0.163525, 0.316812, 0.00249023, 0.469321, 0.00249023
0.154868, 0.495557, 0.0023584, 0.495557, 0.0023584, 0.334521, 0.154868, 0.334521
0.469321, 0.329541, 0.316812, 0.329541, 0.316812, 0.168506, 0.469321, 0.168506
0.312095, 0.495557, 0.159585, 0.495557, 0.159585, 0.334521, 0.312095, 0.334521
lc_eu_south_humid-EuropeanAspen_TREE.spt
Leaves
0.24625, 0.74625, 0.00375, 0.74625, 0.00375, 0.50375, 0.24625, 0.50375
0.49625, 0.49625, 0.25375, 0.49625, 0.25375, 0.25375, 0.49625, 0.25375
Fronds
0.748125, 0.99625, 0.626875, 0.99625, 0.626875, 0.75375, 0.748125, 0.75375
Billboards
0.813062, 0.827588, 0.723071, 0.827588, 0.723071, 0.666553, 0.813062, 0.666553
0.912671, 0.661572, 0.822681, 0.661572, 0.822681, 0.500537, 0.912671, 0.500537
0.535718, 0.993604, 0.445728, 0.993604, 0.445728, 0.832568, 0.535718, 0.832568
0.94978, 0.495557, 0.85979, 0.495557, 0.85979, 0.334521, 0.94978, 0.334521
0.720288, 0.827588, 0.630298, 0.827588, 0.630298, 0.666553, 0.720288, 0.666553
0.442944, 0.993604, 0.352954, 0.993604, 0.352954, 0.832568, 0.442944, 0.832568
0.979077, 0.163525, 0.889087, 0.163525, 0.889087, 0.00249023, 0.979077, 0.00249023
0.957593, 0.329541, 0.867603, 0.329541, 0.867603, 0.168506, 0.957593, 0.168506
lc_eu_south_humid-HorseChestnut_TREE.spt
Leaves
0.24625, 0.49625, 0.00375, 0.49625, 0.00375, 0.25375, 0.24625, 0.25375
0.24625, 0.24625, 0.00375, 0.24625, 0.00375, 0.00375, 0.24625, 0.00375
Fronds
0.998125, 0.74625, 0.876875, 0.74625, 0.876875, 0.50375, 0.998125, 0.50375
Billboards
0.768267, 0.163525, 0.623335, 0.163525, 0.623335, 0.00249023, 0.768267, 0.00249023
0.446001, 0.661572, 0.301069, 0.661572, 0.301069, 0.500537, 0.446001, 0.500537
0.61104, 0.495557, 0.466108, 0.495557, 0.466108, 0.334521, 0.61104, 0.334521
0.296587, 0.661572, 0.151655, 0.661572, 0.151655, 0.500537, 0.296587, 0.500537
0.618853, 0.329541, 0.473921, 0.329541, 0.473921, 0.168506, 0.618853, 0.168506
0.147173, 0.661572, 0.00224121, 0.661572, 0.00224121, 0.500537, 0.147173, 0.500537
0.618853, 0.163525, 0.473921, 0.163525, 0.473921, 0.00249023, 0.618853, 0.00249023
0.461626, 0.495557, 0.316694, 0.495557, 0.316694, 0.334521, 0.461626, 0.334521
lc_eu_south_humid-lombardy_poplar_TREE.spt
Leaves
0.49625, 0.24625, 0.25375, 0.24625, 0.25375, 0.00375, 0.49625, 0.00375
Fronds
0.623125, 0.99625, 0.501875, 0.99625, 0.501875, 0.75375, 0.623125, 0.75375
Billboards
0.5098, 0.827588, 0.385708, 0.827588, 0.385708, 0.666553, 0.5098, 0.666553
0.702183, 0.661572, 0.578091, 0.661572, 0.578091, 0.500537, 0.702183, 0.500537
0.38187, 0.827588, 0.257778, 0.827588, 0.257778, 0.666553, 0.38187, 0.666553
0.739292, 0.495557, 0.6152, 0.495557, 0.6152, 0.334521, 0.739292, 0.334521
0.25394, 0.827588, 0.129849, 0.827588, 0.129849, 0.666553, 0.25394, 0.666553
0.574253, 0.661572, 0.450161, 0.661572, 0.450161, 0.500537, 0.574253, 0.500537
0.126011, 0.827588, 0.00191895, 0.827588, 0.00191895, 0.666553, 0.126011, 0.666553
0.747104, 0.329541, 0.623013, 0.329541, 0.623013, 0.168506, 0.747104, 0.168506
lc_eu_south_humid-thicket_SHRUB.spt
Leaves
0.873125, 0.873125, 0.751875, 0.873125, 0.751875, 0.751875, 0.873125, 0.751875
Fronds
0.873125, 0.74625, 0.751875, 0.74625, 0.751875, 0.50375, 0.873125, 0.50375
Billboards
