lc_eu_south_humid-lombardy_poplar_TREE_WINTER.spt
Leaves
0.74625, 0.4925, 0.50375, 0.4925, 0.50375, 0.0075, 0.74625, 0.0075
Fronds
0.74625, 0.4925, 0.50375, 0.4925, 0.50375, 0.0075, 0.74625, 0.0075
Billboards
0.764434, 0.661572, 0.624238, 0.661572, 0.624238, 0.500537, 0.764434, 0.500537
0.575957, 0.827588, 0.435762, 0.827588, 0.435762, 0.666553, 0.575957, 0.666553
0.788848, 0.495557, 0.648652, 0.495557, 0.648652, 0.334521, 0.788848, 0.334521
0.431426, 0.827588, 0.29123, 0.827588, 0.29123, 0.666553, 0.431426, 0.666553
0.619902, 0.661572, 0.479707, 0.661572, 0.479707, 0.500537, 0.619902, 0.500537
0.286895, 0.827588, 0.146699, 0.827588, 0.146699, 0.666553, 0.286895, 0.666553
0.79373, 0.329541, 0.653535, 0.329541, 0.653535, 0.168506, 0.79373, 0.168506
0.142363, 0.827588, 0.00216797, 0.827588, 0.00216797, 0.666553, 0.142363, 0.666553
lc_eu_south_humid-AmericanBoxwood_SHRUB_WINTER.spt
Leaves
0.74625, 0.4925, 0.50375, 0.4925, 0.50375, 0.0075, 0.74625, 0.0075
0.74625, 0.4925, 0.50375, 0.4925, 0.50375, 0.0075, 0.74625, 0.0075
Fronds
0.4925, 0.4925, 0.0075, 0.4925, 0.0075, 0.0075, 0.4925, 0.0075
Billboards
lc_eu_south_humid-Azalea_SHRUB_WINTER.spt
Leaves
0.74625, 0.4925, 0.50375, 0.4925, 0.50375, 0.0075, 0.74625, 0.0075
0.74625, 0.4925, 0.50375, 0.4925, 0.50375, 0.0075, 0.74625, 0.0075
Fronds
0.4925, 0.4925, 0.0075, 0.4925, 0.0075, 0.0075, 0.4925, 0.0075
Billboards
lc_eu_south_humid-BlueSpruce_TREE_WINTER.spt
Leaves
0.4925, 0.9925, 0.0075, 0.9925, 0.0075, 0.5075, 0.4925, 0.5075
Fronds
0.873125, 0.7425, 0.751875, 0.7425, 0.751875, 0.2575, 0.873125, 0.2575
Billboards
0.902231, 0.661572, 0.768667, 0.661572, 0.768667, 0.500537, 0.902231, 0.500537
0.713755, 0.827588, 0.58019, 0.827588, 0.58019, 0.666553, 0.713755, 0.666553
0.411021, 0.993604, 0.277456, 0.993604, 0.277456, 0.832568, 0.411021, 0.832568
0.926646, 0.495557, 0.793081, 0.495557, 0.793081, 0.334521, 0.926646, 0.334521
0.273325, 0.993604, 0.139761, 0.993604, 0.139761, 0.832568, 0.273325, 0.832568
0.13563, 0.993604, 0.00206543, 0.993604, 0.00206543, 0.832568, 0.13563, 0.832568
0.931528, 0.329541, 0.797964, 0.329541, 0.797964, 0.168506, 0.931528, 0.168506
0.946177, 0.163525, 0.812612, 0.163525, 0.812612, 0.00249023, 0.946177, 0.00249023
lc_eu_south_humid-elm_TREE_WINTER.spt
Leaves
0.74625, 0.4925, 0.50375, 0.4925, 0.50375, 0.0075, 0.74625, 0.0075
0.74625, 0.4925, 0.50375, 0.4925, 0.50375, 0.0075, 0.74625, 0.0075
Fronds
0.74625, 0.4925, 0.50375, 0.4925, 0.50375, 0.0075, 0.74625, 0.0075
Billboards
0.484917, 0.495557, 0.330513, 0.495557, 0.330513, 0.334521, 0.484917, 0.334521
0.648979, 0.163525, 0.494575, 0.163525, 0.494575, 0.00249023, 0.648979, 0.00249023
0.156792, 0.661572, 0.0023877, 0.661572, 0.0023877, 0.500537, 0.156792, 0.500537
0.648979, 0.329541, 0.494575, 0.329541, 0.494575, 0.168506, 0.648979, 0.168506
0.315972, 0.661572, 0.161567, 0.661572, 0.161567, 0.500537, 0.315972, 0.500537
0.644097, 0.495557, 0.489692, 0.495557, 0.489692, 0.334521, 0.644097, 0.334521
0.475151, 0.661572, 0.320747, 0.661572, 0.320747, 0.500537, 0.475151, 0.500537
0.808159, 0.163525, 0.653755, 0.163525, 0.653755, 0.00249023, 0.808159, 0.00249023
lc_eu_south_humid-EuropeanAspen_TREE_WINTER.spt
Leaves
0.74625, 0.4925, 0.50375, 0.4925, 0.50375, 0.0075, 0.74625, 0.0075
0.74625, 0.4925, 0.50375, 0.4925, 0.50375, 0.0075, 0.74625, 0.0075
Fronds
0.74625, 0.4925, 0.50375, 0.4925, 0.50375, 0.0075, 0.74625, 0.0075
Billboards
0.485229, 0.993604, 0.414185, 0.993604, 0.414185, 0.832568, 0.485229, 0.832568
0.558472, 0.993604, 0.487427, 0.993604, 0.487427, 0.832568, 0.558472, 0.832568
0.787964, 0.827588, 0.716919, 0.827588, 0.716919, 0.666553, 0.787964, 0.666553
0.631714, 0.993604, 0.560669, 0.993604, 0.560669, 0.832568, 0.631714, 0.832568
0.861206, 0.827588, 0.790161, 0.827588, 0.790161, 0.666553, 0.861206, 0.666553
0.97644, 0.661572, 0.905396, 0.661572, 0.905396, 0.500537, 0.97644, 0.500537
0.704956, 0.993604, 0.633911, 0.993604, 0.633911, 0.832568, 0.704956, 0.832568
0.934448, 0.827588, 0.863403, 0.827588, 0.863403, 0.666553, 0.934448, 0.666553
lc_eu_south_humid-HorseChestnut_TREE_WINTER.spt
Leaves
0.74625, 0.4925, 0.50375, 0.4925, 0.50375, 0.0075, 0.74625, 0.0075
0.74625, 0.4925, 0.50375, 0.4925, 0.50375, 0.0075, 0.74625, 0.0075
Fronds
0.74625, 0.4925, 0.50375, 0.4925, 0.50375, 0.0075, 0.74625, 0.0075
Billboards
0.325664, 0.495557, 0.166523, 0.495557, 0.166523, 0.334521, 0.325664, 0.334521
0.489727, 0.329541, 0.330586, 0.329541, 0.330586, 0.168506, 0.489727, 0.168506
0.161602, 0.495557, 0.00246094, 0.495557, 0.00246094, 0.334521, 0.161602, 0.334521
0.489727, 0.163525, 0.330586, 0.163525, 0.330586, 0.00249023, 0.489727, 0.00249023
0.325664, 0.329541, 0.166523, 0.329541, 0.166523, 0.168506, 0.325664, 0.168506
0.161602, 0.329541, 0.00246094, 0.329541, 0.00246094, 0.168506, 0.161602, 0.168506
0.325664, 0.163525, 0.166523, 0.163525, 0.166523, 0.00249023, 0.325664, 0.00249023
0.161602, 0.163525, 0.00246094, 0.163525, 0.00246094, 0.00249023, 0.161602, 0.00249023
lc_eu_south_humid-thicket_SHRUB_WINTER.spt
Leaves
0.99625, 0.24625, 0.75375, 0.24625, 0.75375, 0.00375, 0.99625, 0.00375
Fronds
0.74625, 0.9925, 0.50375, 0.9925, 0.50375, 0.5075, 0.74625, 0.5075
Billboards
