lc_mediterranean-thicket_SHRUB.spt
Leaves
0.24875, 0.87375, 0.12625, 0.87375, 0.12625, 0.75125, 0.24875, 0.75125
0.37375, 0.87375, 0.25125, 0.87375, 0.25125, 0.75125, 0.37375, 0.75125
Fronds
0.37375, 0.7475, 0.25125, 0.7475, 0.25125, 0.5025, 0.37375, 0.5025
Billboards
lc_mediterranean-common_olive_TREE.spt
Leaves
0.2475, 0.2475, 0.0025, 0.2475, 0.0025, 0.0025, 0.2475, 0.0025
Fronds
0.2475, 0.4975, 0.0025, 0.4975, 0.0025, 0.2525, 0.2475, 0.2525
Billboards
0.216563, 0.134385, 0.0021875, 0.134385, 0.0021875, 0.00135742, 0.216563, 0.00135742
0.216563, 0.270127, 0.0021875, 0.270127, 0.0021875, 0.1371, 0.216563, 0.1371
0.435313, 0.134385, 0.220938, 0.134385, 0.220938, 0.00135742, 0.435313, 0.00135742
0.435313, 0.270127, 0.220938, 0.270127, 0.220938, 0.1371, 0.435313, 0.1371
0.216563, 0.405869, 0.0021875, 0.405869, 0.0021875, 0.272842, 0.216563, 0.272842
0.435313, 0.405869, 0.220938, 0.405869, 0.220938, 0.272842, 0.435313, 0.272842
0.216563, 0.541611, 0.0021875, 0.541611, 0.0021875, 0.408584, 0.216563, 0.408584
0.654063, 0.134385, 0.439687, 0.134385, 0.439687, 0.00135742, 0.654063, 0.00135742
lc_mediterranean-Ficus_TREE.spt
Leaves
0.4975, 0.2475, 0.2525, 0.2475, 0.2525, 0.0025, 0.4975, 0.0025
0.4975, 0.4975, 0.2525, 0.4975, 0.2525, 0.2525, 0.4975, 0.2525
Fronds
0.49875, 0.7475, 0.37625, 0.7475, 0.37625, 0.5025, 0.49875, 0.5025
Billboards
0.654063, 0.311699, 0.439687, 0.311699, 0.439687, 0.13752, 0.654063, 0.13752
0.435313, 0.583184, 0.220938, 0.583184, 0.220938, 0.409004, 0.435313, 0.409004
0.654063, 0.489434, 0.439687, 0.489434, 0.439687, 0.315254, 0.654063, 0.315254
0.216563, 0.718926, 0.0021875, 0.718926, 0.0021875, 0.544746, 0.216563, 0.544746
0.435313, 0.760918, 0.220938, 0.760918, 0.220938, 0.586738, 0.435313, 0.586738
0.872813, 0.175957, 0.658437, 0.175957, 0.658437, 0.00177734, 0.872813, 0.00177734
0.654063, 0.667168, 0.439687, 0.667168, 0.439687, 0.492988, 0.654063, 0.492988
0.872813, 0.353691, 0.658437, 0.353691, 0.658437, 0.179512, 0.872813, 0.179512
lc_mediterranean-italian_cypress_TREE.spt
Leaves
0.2475, 0.7475, 0.0025, 0.7475, 0.0025, 0.5025, 0.2475, 0.5025
0.7475, 0.2475, 0.5025, 0.2475, 0.5025, 0.0025, 0.7475, 0.0025
Fronds
0.62375, 0.7475, 0.50125, 0.7475, 0.50125, 0.5025, 0.62375, 0.5025
Billboards
0.122783, 0.937266, 0.00124023, 0.937266, 0.00124023, 0.722891, 0.122783, 0.722891
0.779033, 0.572031, 0.65749, 0.572031, 0.65749, 0.357656, 0.779033, 0.357656
0.341533, 0.979258, 0.21999, 0.979258, 0.21999, 0.764883, 0.341533, 0.764883
0.560283, 0.885508, 0.43874, 0.885508, 0.43874, 0.671133, 0.560283, 0.671133
0.903057, 0.572031, 0.781514, 0.572031, 0.781514, 0.357656, 0.903057, 0.357656
0.779033, 0.790781, 0.65749, 0.790781, 0.65749, 0.576406, 0.779033, 0.576406
0.997783, 0.216563, 0.87624, 0.216563, 0.87624, 0.0021875, 0.997783, 0.0021875
0.903057, 0.790781, 0.781514, 0.790781, 0.781514, 0.576406, 0.903057, 0.576406
lc_mediterranean-narrow_leaved_ash_SHRUB.spt
Leaves
0.7475, 0.4975, 0.5025, 0.4975, 0.5025, 0.2525, 0.7475, 0.2525
Fronds
0.87375, 0.2475, 0.75125, 0.2475, 0.75125, 0.0025, 0.87375, 0.0025
Billboards
lc_mediterranean-restharrow_SHRUB.spt
Leaves
0.811875, 0.311875, 0.750625, 0.311875, 0.750625, 0.250625, 0.811875, 0.250625
Fronds
0.12375, 0.9975, 0.00125, 0.9975, 0.00125, 0.7525, 0.12375, 0.7525
Billboards
