lc_steppe-thicket_SHRUB_WINTER.spt
Leaves
0.748125, 0.123125, 0.626875, 0.123125, 0.626875, 0.001875, 0.748125, 0.001875
0.748125, 0.248125, 0.626875, 0.248125, 0.626875, 0.126875, 0.748125, 0.126875
Fronds
0.623125, 0.24625, 0.501875, 0.24625, 0.501875, 0.00375, 0.623125, 0.00375
Billboards
lc_steppe-AmericanBoxwood_SHRUB_WINTER.spt
Leaves
0.748125, 0.123125, 0.626875, 0.123125, 0.626875, 0.001875, 0.748125, 0.001875
0.748125, 0.123125, 0.626875, 0.123125, 0.626875, 0.001875, 0.748125, 0.001875
Fronds
0.24625, 0.24625, 0.00375, 0.24625, 0.00375, 0.00375, 0.24625, 0.00375
Billboards
lc_steppe-CommonJuniper_TREE_WINTER.spt
Leaves
0.24625, 0.49625, 0.00375, 0.49625, 0.00375, 0.25375, 0.24625, 0.25375
0.49625, 0.24625, 0.25375, 0.24625, 0.25375, 0.00375, 0.49625, 0.00375
Fronds
0.623125, 0.49625, 0.501875, 0.49625, 0.501875, 0.25375, 0.623125, 0.25375
Billboards
0.202964, 0.24625, 0.00309082, 0.24625, 0.00309082, 0.00375, 0.202964, 0.00375
0.409019, 0.24625, 0.209146, 0.24625, 0.209146, 0.00375, 0.409019, 0.00375
0.202964, 0.49625, 0.00309082, 0.49625, 0.00309082, 0.25375, 0.202964, 0.25375
0.409019, 0.49625, 0.209146, 0.49625, 0.209146, 0.25375, 0.409019, 0.25375
0.615073, 0.24625, 0.4152, 0.24625, 0.4152, 0.00375, 0.615073, 0.00375
0.615073, 0.49625, 0.4152, 0.49625, 0.4152, 0.25375, 0.615073, 0.25375
0.202964, 0.74625, 0.00309082, 0.74625, 0.00309082, 0.50375, 0.202964, 0.50375
0.409019, 0.74625, 0.209146, 0.74625, 0.209146, 0.50375, 0.409019, 0.50375
lc_steppe-creeping_juniper_SHRUB_WINTER.spt
Leaves
0.748125, 0.373125, 0.626875, 0.373125, 0.626875, 0.251875, 0.748125, 0.251875
0.623125, 0.623125, 0.501875, 0.623125, 0.501875, 0.501875, 0.623125, 0.501875
0.748125, 0.373125, 0.626875, 0.373125, 0.626875, 0.251875, 0.748125, 0.251875
Fronds
0.373125, 0.74625, 0.251875, 0.74625, 0.251875, 0.50375, 0.373125, 0.50375
Billboards
lc_steppe-lowbrush_SHRUB_WINTER.spt
Leaves
0.748125, 0.123125, 0.626875, 0.123125, 0.626875, 0.001875, 0.748125, 0.001875
0.748125, 0.123125, 0.626875, 0.123125, 0.626875, 0.001875, 0.748125, 0.001875
Fronds
0.24625, 0.24625, 0.00375, 0.24625, 0.00375, 0.00375, 0.24625, 0.00375
Billboards
lc_steppe-NorwaySpruce_TREE_WINTER.spt
Leaves
0.49625, 0.49625, 0.25375, 0.49625, 0.25375, 0.25375, 0.49625, 0.25375
0.24625, 0.74625, 0.00375, 0.74625, 0.00375, 0.50375, 0.24625, 0.50375
Fronds
0.686562, 0.62125, 0.625938, 0.62125, 0.625938, 0.37875, 0.686562, 0.37875
0.498125, 0.74625, 0.376875, 0.74625, 0.376875, 0.50375, 0.498125, 0.50375
Billboards
0.773032, 0.24625, 0.620522, 0.24625, 0.620522, 0.00375, 0.773032, 0.00375
0.566978, 0.74625, 0.414468, 0.74625, 0.414468, 0.50375, 0.566978, 0.50375
0.773032, 0.49625, 0.620522, 0.49625, 0.620522, 0.25375, 0.773032, 0.25375
0.154868, 0.99625, 0.0023584, 0.99625, 0.0023584, 0.75375, 0.154868, 0.75375
0.724204, 0.74625, 0.571694, 0.74625, 0.571694, 0.50375, 0.724204, 0.50375
0.312095, 0.99625, 0.159585, 0.99625, 0.159585, 0.75375, 0.312095, 0.75375
0.930259, 0.24625, 0.777749, 0.24625, 0.777749, 0.00375, 0.930259, 0.00375
0.469321, 0.99625, 0.316812, 0.99625, 0.316812, 0.75375, 0.469321, 0.75375
