ScriptType               MotionData

MotionFileName           "D:\ymir work\monster\monster_0305\attack_2.GR2"
MotionDuration           2.000000

Group AttackingData
{
    AttackType           0
    HittingType          2
    StiffenTime          0.000000
    InvisibleTime        0.000000
    ExternalForce        0.000000
    HitLimitCount        2
    
    MotionType           1
    HitDataCount         2
    Group HitData00
    {
        AttackingStartTime   0.730689
        AttackingEndTime     0.881002
        AttackingBone        "Bip001-R-Hand"
        WeaponLength         141.000000
        List HitPosition
        {
            0.730689 -3.452396 -63.282650 336.021851 13.879026 76.645279 335.120148
            0.739022 -2.777787 -78.511543 308.559937 10.951335 61.147591 322.264832
            0.747356 -3.945496 -98.594772 268.756836 13.706020 35.003098 310.242218
            0.755689 -7.220393 -121.647171 215.906799 22.143520 -8.358597 294.548157
            0.764022 -12.370694 -141.153458 164.449615 34.148830 -70.112938 277.011505
            0.772356 -20.670887 -152.750504 118.200630 43.167099 -149.658661 243.883423
            0.780689 -35.067127 -149.305084 78.895309 34.922077 -229.208328 171.620636
            0.789022 -56.101543 -123.209702 55.074875 -12.470005 -257.021790 63.537045
            0.797356 -75.463463 -86.423058 52.751320 -84.097443 -210.373901 -13.901787
            0.805689 -86.414413 -49.550911 66.776733 -149.853790 -125.323441 -33.796478
            0.814022 -84.520897 -16.638046 89.895485 -186.979889 -29.866238 -6.063736
            0.822356 -70.773941 5.032323 112.229668 -183.826172 46.209682 38.713455
            0.830689 -56.021732 14.472563 125.679092 -162.451447 88.537247 70.288132
            0.839022 -47.086273 17.709795 131.404556 -146.211365 105.947113 83.766350
            0.847355 -45.456264 17.942219 131.119354 -143.398560 105.817566 80.461372
            0.855689 -46.430199 16.945728 129.177795 -145.497131 99.949127 72.811195
            0.864022 -47.311607 15.971564 128.761078 -147.427124 95.246193 68.983063
            0.872355 -48.113792 15.415656 129.739563 -149.173859 92.381134 68.549713
            0.880689 -48.834846 15.431344 131.933762 -150.705139 91.582367 71.069275
        }
    }
    Group HitData01
    {
        AttackingStartTime   0.730689
        AttackingEndTime     0.860125
        AttackingBone        "Bip001-L-Hand"
        WeaponLength         198.000000
        List HitPosition
        {
            0.730689 -3.721409 -70.310036 321.953857 38.259621 -260.198120 284.750275
            0.739022 -3.146351 -83.729378 294.467926 36.633610 -269.466248 238.580566
            0.747356 -0.568389 -99.932030 256.705902 38.353577 -278.082031 179.558594
            0.755689 3.953767 -117.785126 209.011887 42.713081 -284.550690 109.558250
            0.764022 9.094007 -131.982391 168.298370 49.253410 -285.736511 50.184471
            0.772356 14.688008 -141.935913 140.292709 58.919651 -281.343292 6.826584
            0.780689 20.755220 -148.019730 125.679977 71.153229 -271.889099 -20.335205
            0.789022 27.595999 -150.928879 121.403923 86.504921 -255.437546 -36.113396
            0.797356 36.194675 -151.237854 113.187866 106.177094 -218.981995 -59.198883
            0.805689 46.661957 -146.982452 100.107872 125.472946 -155.958023 -81.309563
            0.814022 58.702740 -135.590118 84.070564 135.738998 -66.222794 -84.623238
            0.822356 71.171158 -115.541107 70.282730 125.995018 32.428207 -49.314270
            0.830689 82.323769 -88.051819 65.696083 90.855713 106.117157 27.885452
            0.839022 89.289925 -54.825401 73.703018 29.455654 125.296135 130.095428
            0.847355 87.724258 -20.971016 97.079369 -41.787735 67.058014 218.246704
            0.855689 76.970963 0.608371 125.770126 -79.425415 -28.564402 243.639175
        }
    }
}

Group MotionEventData
{
    MotionEventDataCount     2
    Group Event00
    {
        MotionEventType      1
        StartingTime         0.822547
        
        IndependentFlag      0
        AttachingEnable      0
        AttachingBoneName    "Bip001-L-Hand"
        FollowingEnable      0
        EffectFileName       "d:/ymir work/effect/monster2/blast1.mse"
        EffectPosition       0.000000 -124.000000 100.000000
    }
    Group Event01
    {
        MotionEventType      1
        StartingTime         0.872651
        
        IndependentFlag      0
        AttachingEnable      0
        AttachingBoneName    "Bip001-R-Finger21"
        FollowingEnable      0
        EffectFileName       "d:/ymir work/effect/monster2/impact2.mse"
        EffectPosition       0.000000 0.000000 -125.000000
    }
}
